40584
93718
51967
62541
24560
86353
67242
66771
62530
2363
85301
58552
89939
6002
92689
75565
68325
53897
53520
44463
22153
27212
38856
66539
70241
35706
22845
1386
32222
90052
96714
59144
60360
44059
5893
21661
11990
55517
13973
79957
54876
54909
925
29316
79783
19846
35612
65263
79960
72774
14720
80105
11381
37161
19023
98209
66444
85347
15911
55932
89233
40811
95643
5333
64570
27523
76486
51565
22806
84137
27066
9106
86056
55184
79779
25527
89032
4363
84204
66139
23270
47999
79518
22272
62368
83214
82581
63030
86070
62789
19885
8635
94427
24101
38211
31004
72776
84257
49412
29842
97266
2458
79957
59328
65705
10441
98110
63756
83473
56927
109
92053
86958
64447
80053
55741
46447
94626
11444
71378
51460
90468
51267
58315
68623
13246
69994
58748
85494
32117
75276
13522
73760
85567
72551
22040
74642
7449
95160
50511
93927
63993
64125
3090
42047
61005
67402
26006
57841
38714
9378
31243
43651
4076
67751
29861
24296
3217
40031
97468
11755
25273
78163
96180
35626
25230
50179
11273
91603
68867
32526
1338
27745
32286
67407
56557
55646
95210
63151
12841
11466
8580
85600
32266
50159
66903
36231
79682
52865
26835
42341
34212
93697
57515
20422
68725
24734
98780
17791
73334
1719
30386
54042
48672
52672
11601
27593
40416
98347
60410
4222
9223
97228
1060
60674
23090
23514
24435
15481
21571
15467
50838
12923
86700
14418
29792
11823
43163
55293
76860
35636
83647
53721
79675
98697
53908
84387
34228
41725
41410
14000
88302
82237
2210
286
20063
44579
71531
87847
99580
91483
24139
35207
270
81493
85031
97760
87081
58527
45146
48718
3771
71585
77292
57881
63373
80936
81398
11252
33027
57212
7551
84026
99020
88864
96379
19167
12811
22232
4652
53406
99155
4702
46106
29318
62738
40389
75681
32385
28584
29819
39455
25106
85489
78371
61244
32025
14641
57918
10858
13772
956
24684
68422
81474
40661
64970
48554
44604
95054
59685
21713
24866
48617
14070
31254
48178
45799
15553
7315
93409
19368
63543
91120
8903
89512
3624
9278
49041
52188
529
13384
63871
4624
54156
74348
34897
17506
79880
13421
11215
69032
99265
64175
9516
7104
25869
54526
80905
38163
5542
85276
30583
61891
90923
12115
82807
76422
12813
98303
11562
67147
83484
50352
24910
79733
36772
36686
55979
47326
24981
65643
37747
47863
69038
80945
84596
6712
94724
3604
14215
19863
77474
21573
51698
92091
13829
98956
28306
99712
70254
39751
71872
57105
85808
47160
84900
61808
11200
93420
9659
18499
36977
96116
81472
729
11840
9914
52096
34497
43971
57321
51049
77732
57287
38243
86050
74934
21396
69494
53159
9287
29143
84588
34690
27274
7374
72146
12752
63237
55876
31643
35847
32658
36660
29358
88465
74342
80908
66810
33961
62177
89586
46730
64141
83328
24758
49741
89733
60074
77710
64996
77642
70232
4092
33891
72814
93429
69843
43946
93874
24602
33907
64423
84446
36208
6940
45372
26153
54287
2906
89734
55897
55817
1060
20818
681
6705
16018
46937
86541
43315
98331
99026
62308
95574
9579
23740
40788
60924
60733
55456
13964
93927
49219
22971
47925
39190
26210
41667
10174
64086
52679
41099
54299
77698
10962
33476
81717
6263
50719
76231
58026
16530
12676
4587
65150
16714
26979
75547
41057
90571
67568
51110
19583
90222
48898
86819
7985
7346
60422
54912
27186
38626
13458
31633
52186
32786
87066
62791
68076
23050
22924
58991
48931
94819
63238
33299
19131
28025
1074
6899
87279
79366
3864
24630
3820
5723
81905
20670
85479
3346
26209
50086
14422
46361
38045
61307
20430
37189
63736
74820
88049
29028
71831
68806
4402
6564
9904
42107
24783
1717
7284
91095
46994
39193
50676
36743
52942
91157
80768
56334
34739
47154
44599
90930
91554
32683
38114
74083
90113
99612
1091
20567
10319
80218
23881
47024
70464
89759
64147
10033
14608
85661
95008
21562
29778
61488
33822
39167
35094
9344
44417
4844
91720
41966
41006
79398
95357
11680
7617
68515
54407
92756
78845
82877
69632
66242
91111
28387
94772
34271
43196
80652
60554
87015
70852
56193
28232
76438
93041
37719
24891
65323
3903
15409
25302
36406
79572
68617
96690
29658
81534
61725
24039
86114
8963
41715
63268
49976
37495
58585
82510
83093
93684
23210
78795
35873
62966
58559
10777
19355
62322
71691
63459
17399
37243
39327
24483
39336
28648
45255
69915
74732
96470
45148
21392
36143
87285
94242
62197
35623
32459
72358
92128
51488
16923
76243
21754
35911
12935
22178
5640
60936
86588
84380
98697
73189
7355
10727
13454
26774
49709
32774
11248
44298
71144
80101
5964
2293
78838
89620
17005
7738
85037
16518
19877
99589
2862
30677
10197
12722
58045
47891
23404
71586
39463
92067
13263
30985
24042
91350
33908
61383
24227
25694
83249
70250
92997
58901
71627
18584
44913
4296
9162
64353
82375
23355
62381
89585
50193
80601
8376
49004
12187
19493
46715
43175
59528
149
98614
67768
75437
84503
51449
14692
83011
65268
30788
9796
31303
14981
98088
73132
34335
9077
84736
26680
60983
28714
31436
96819
99356
41412
58936
22540
9889
89544
75785
66212
63176
32444
59686
21126
83763
71853
37422
93190
39773
52616
89340
53507
28908
44196
65671
52650
78296
10551
5223
10881
72702
88180
47452
69906
35494
46001
44902
85390
48158
57073
2653
3059
41260
50968
28893
17825
71969
42594
60320
98726
89566
40766
70681
24716
4190
85022
542
68559
1128
72528
81254
85531
72899
1084
81085
95513
46992
19955
4936
5381
34331
20896
2807
73677
90590
25023
1648
27707
77628
73473
90912
74692
20025
7212
21369
65221
97571
71066
60478
9058
12227
66217
95065
16944
49593
19288
51161
92951
82435
69248
46728
2485
29921
21590
67267
25037
42991
77870
41558
2529
80932
7054
82667
49762
15216
56690
49840
2128
60375
31975
35168
1736
58698
10638
59302
19536
99527
89901
41765
29686
37251
32151
58150
85743
38796
47424
38287
45964
64122
76032
85429
62742
99806
49687
98590
24834
11270
99455
47124
33115
6405
19032
48686
72805
77938
18623
69953
77294
98595
26003
76185
44136
51631
89086
78217
19322
14429
75900
20369
55917
13831
66804
67853
67405
41431
36148
37039
52104
58712
18440
40987
74141
34898
60116
85902
40877
8983
17824
58239
50470
76718
17119
44234
86461
76962
99934
45038
18224
57694
63696
