84786
33081
58081
47175
673
79505
73893
41172
82194
48970
9607
64523
74170
12893
34880
46400
93107
81043
70816
58273
67815
41323
67961
58729
54284
6794
70731
42370
84730
79811
86536
90829
15143
92659
83368
65586
41319
47105
68833
20495
94785
39671
26627
64191
37120
88106
5577
73905
14945
22980
46981
95508
3662
9447
65296
6840
93642
58965
86525
18754
4232
31208
20680
57342
77822
49979
28374
8570
64600
93374
73088
96706
93995
1829
89956
93504
85553
3756
95082
78670
32525
57621
70100
57102
21916
33521
77061
63510
71846
3734
39157
27509
88717
74814
83748
19297
56644
51619
63712
76491
50853
65293
56577
88882
63820
25476
62779
54411
73084
95306
60225
70471
54561
98910
7542
64499
73855
3103
9481
47650
65392
13185
76401
98277
4577
64303
29431
80038
22263
91134
38354
41108
15453
67778
76204
43668
84951
36573
31405
27914
50122
12144
8048
39617
21049
13084
59481
94843
5241
17086
7668
37843
60008
87491
16857
17440
11388
94320
49612
78752
32260
72317
2377
93462
10152
60077
25708
14195
88004
26573
96902
94731
54906
97282
40055
89899
36520
97548
66442
59517
67
20047
27945
32332
39901
92676
54448
9943
12300
49079
77632
12496
37057
90338
37529
55757
41710
96109
29657
70033
67433
81377
77676
37582
66643
45939
38185
31221
90034
22089
58606
42145
79632
78294
42758
62112
29379
22279
97569
15823
46221
23910
48335
78151
47346
32349
26442
17821
72737
54674
801
35683
36752
86043
11282
9086
94861
89473
6456
96794
93070
44686
70443
73474
13247
67756
97665
65401
89764
13622
1720
32245
70850
8321
29306
38745
73033
99818
19419
32090
96603
64688
44792
78639
60652
78274
27143
86862
89516
53152
84012
19172
92379
10252
98652
26480
19543
92728
86472
37450
24492
24675
40795
49862
40166
49803
34789
72965
84858
26267
88243
66679
13789
10915
31076
54595
64807
13819
83848
54618
90081
68128
4970
52731
32209
5347
72397
97823
72125
21010
22527
69113
90297
43128
36907
89097
70480
41210
32965
35394
88219
7931
32637
41893
13579
68004
36104
25380
19991
99140
90459
34715
43246
79129
8855
75273
12527
59277
46270
51812
91766
25969
34578
12489
83983
89992
74936
34953
60073
63842
16925
55021
13159
79064
3471
23049
56289
66532
81822
30340
11002
86366
76050
91856
21644
2688
20144
36506
44013
18869
33809
81764
31607
53455
4067
13822
71820
1331
23834
2440
18138
57849
83289
69895
70760
99829
57939
17233
43514
90766
55682
2689
8550
43919
4308
61502
40345
40053
57415
19217
29917
42679
65564
727
84503
39389
47699
89572
69489
69490
46310
3362
3795
61627
85501
1499
43661
99155
23485
60155
14866
98833
24992
4764
79886
55102
80030
43661
66257
53085
60366
62402
70279
65254
69710
72544
87424
96946
32625
17703
91848
19271
99889
64034
38834
14530
53702
3578
14110
85910
789
55058
40790
17314
39368
42832
82860
85586
93584
83701
43229
2448
149
87195
1136
69372
6419
5144
58507
81481
29829
23865
57504
21404
87578
79251
23191
8726
16086
31630
69050
14242
83942
7449
14118
30180
94323
29542
81592
5319
7855
37065
71263
12122
63523
61416
27583
52924
14044
12998
84543
12650
72546
25618
88160
90380
52841
39262
84845
46082
95856
24998
83905
49510
79460
94904
12726
67101
64239
91847
68928
74835
24517
50331
73313
72999
29781
14242
35477
56678
44251
38406
5601
91692
41131
45522
96737
17509
4406
10237
44216
38467
36935
8528
12992
98203
92519
11461
85930
87232
32884
24352
79023
83476
54464
61164
23547
15105
33447
40554
59011
6488
54912
45488
52131
46891
80197
2541
39753
79250
95322
79014
89067
76905
80159
63345
21320
28062
97041
3300
99557
65725
55953
53462
15732
62630
56622
61821
43933
34195
4845
43222
54360
3087
93177
9656
35169
14493
74632
53202
78950
99317
87111
76270
95695
47892
17073
67538
54804
42842
80200
32180
89590
63750
64369
61527
59325
23803
54694
88660
27162
49205
69102
94809
79435
56363
83295
30178
26619
66116
17835
86690
4995
28389
65924
17944
77381
69493
44963
16099
5731
56319
95429
97971
587
69413
54785
46953
13602
29941
76308
83600
61578
40948
54392
51626
50530
20417
82121
66588
6379
11479
64183
69234
45181
26053
56258
46069
21665
63904
4046
51267
76709
67044
44049
12643
757
88804
15448
44358
40542
48450
7487
26386
88620
25419
21249
28098
6
84934
31505
39283
37599
57095
871
88730
3236
24457
56678
3046
54386
44482
15603
29653
95057
34962
25608
67172
12051
13110
86746
54913
94397
13811
33582
10065
52147
47880
10947
68116
92833
85611
432
26496
22133
62506
29703
8531
24858
88912
62437
72512
24816
85910
67618
79696
90028
83106
85761
14371
39875
20581
59253
9025
99408
91453
62139
96204
81651
19985
79707
82867
60350
51810
41152
1560
55064
33245
87264
8688
66275
71268
3605
68096
25493
16749
39121
66631
55663
41417
79896
73812
16596
42332
18125
2548
44582
31157
96750
35842
32602
97527
61388
19063
28223
81988
4001
72610
34440
22842
85280
31792
34126
21786
61645
34117
47113
965
93907
68205
52949
33458
21143
61486
80289
87411
60371
59122
74855
55210
19259
70052
91838
21858
23068
87535
35677
15037
69407
46204
85373
18015
83037
18643
91708
56969
85634
62582
46931
44200
68755
96153
54982
66214
38809
57869
48021
89922
60701
88147
50183
38319
71321
4356
25985
80551
59925
51114
59047
4125
82138
26109
66937
279
21630
91848
69918
38143
34372
8855
62447
38483
65751
93922
34329
45376
52567
54951
29269
67945
45350
37780
5795
78846
78377
75210
24990
86230
33577
57724
74067
29337
38809
28226
27827
44862
69275
15623
87022
9693
29229
95672
34716
93028
70517
5580
53117
55618
71525
5667
41990
44256
89054
21478
57821
5996
6623
5402
17002
8709
69235
92061
41119
59128
30220
90031
13731
12922
41878
51262
3580
88968
98235
15196
65604
12323
57631
46699
47382
55446
22546
38404
13573
81920
55739
61442
63799
34697
23413
12174
4130
74308
96837
46751
65795
3440
60955
50720
44901
96053
89133
89304
55022
69474
78245
48840
86238
71637
2485
36103
74563
70224
57236
60307
70508
43353
90564
2020
40548
84782
52863
37884
66952
84790
86266
15353
82844
44602
38753
28612
68485
35062
85002
70885
32241
12371
99760
20025
84975
82015
9315
65028
79069
97361
80671
29677
70590
34693
86315
25416
75831
51727
72797
20389
29963
9189
12573
87768
76272
99619
23402
9922
65784
20957
22017
11742
50627
9065
7654
33030
75777
66361
41752
1902
15998
64644
26266
34952
54762
70846
24439
67774
65311
92562
39910
10288
57518
19475
670
77269
88488
75435
94696
78041
60467
55600
39219
43086
90078
55818
93040
83154
47311
13262
91496
20307
66738
36797
1901
65062
15242
41558
38848
42538
41949
94560
52988
69945
28053
36716
3084
70157
51974
56984
15868
67476
48358
98930
37983
88627
90430
53262
7126
92154
94254
49902
20773
56926
25480
69975
4265
86617
42035
8404
99134
4124
24919
66052
62535
66394
67971
34915
84527
25762
44239
40224
43233
16050
52450
68378
68017
70144
48962
14824
1167
24380
98918
92660
91837
50260
78507
64255
9819
49379
18120
444
5499
63463
68436
22516
19983
50859
33498
22386
85375
73064
770
50043
28208
45196
63538
17698
21472
49004
13895
22977
40840
9216
40360
95023
22267
63692
29988
84038
95967
31488
34823
25463
59367
53189
11421
95542
81225
56115
21809
67987
32594
16252
44928
469
95532
51158
87714
6284
95699
45883
64999
20179
26620
84780
34233
34603
28430
34340
59318
72158
33770
40389
55126
73937
98340
87931
81270
66010
39000
41004
8772
82574
6226
87173
8878
70410
2698
97380
90795
55906
16751
90943
48096
58653
69438
2010
80793
70919
18100
47618
92689
28660
839
97676
65660
77727
65697
91639
65578
12754
65876
40470
36392
62545
88965
16867
64129
70847
58155
39048
42410
72569
98899
87933
25634
63890
45989
83986
19314
61659
98453
65018
6846
57855
90936
26923
98547
37937
34960
3292
60917
64043
96266
80206
76947
70952
60333
72433
90552
80886
71575
53887
5262
64097
33362
89531
32806
310
92503
39351
14682
76217
61791
68475
34248
46872
86634
55120
85907
84690
49544
87309
14432
27810
30275
19822
50156
37702
43023
1040
86423
89869
87303
7651
54484
23855
55982
75408
72952
25119
91163
81237
14758
30585
66185
98026
5462
20171
74678
10787
29477
24846
12231
77552
65261
59879
62674
841
34771
33171
94000
98559
26781
19189
55268
22979
83200
16366
27192
42634
2967
8566
15881
40681
48700
75745
82452
63514
77885
42104
3388
35663
46023
6572
25776
31328
94343
12002
47284
42861
5838
51100
60839
5006
14381
64229
1552
28434
76652
64914
42744
30497
73870
33045
83503
83996
59638
6091
35053
31071
41027
23453
71752
23509
52304
27501
38001
34902
2463
81000
23793
83783
89334
69
76533
61841
68392
61817
68231
85015
76610
98668
97702
28581
52468
73932
49854
51233
69185
43312
43588
69216
97160
39207
58036
1263
81782
64328
60310
16697
18990
13897
71784
71578
9038
20138
8619
86206
63238
56782
76244
96983
79378
93656
62552
45651
76762
24634
65663
48368
93080
57660
93413
85124
5918
23286
43193
58607
15149
82550
30998
42760
92805
94937
37287
33008
97906
88582
35815
75646
4940
94322
9644
13149
28968
53863
90048
86642
82340
90531
7197
37419
6279
66250
90859
85578
76598
27963
51229
96873
93125
13482
33521
9535
57638
33188
72704
53943
29030
2809
71591
93384
74620
48993
7838
52540
71818
42201
61680
92315
95547
76742
32461
81081
1097
2891
8989
53175
41071
36755
55814
22098
37617
30517
60365
25652
61797
72147
56531
33449
81594
48048
44283
20494
35334
26416
48379
4439
24664
71144
17064
32904
32565
3434
74486
69552
60569
92928
41193
76602
42380
17122
31902
13454
47595
55444
53174
1889
32932
25948
75730
95424
60486
45455
43250
10047
52509
13383
67020
19072
9453
52901
40244
56857
94448
49461
35157
49706
68531
98012
25870
2566
92819
5022
43070
80082
5358
27541
15770
79865
2004
88580
89050
57781
82035
28532
21034
122
8636
44505
57600
84832
81766
15691
65363
73514
75117
70472
47604
93280
72096
29409
23770
14576
82217
51093
5354
72721
7061
60016
3133
63555
41498
49629
35116
1940
30231
25353
98463
19261
95713
67250
48614
13266
12213
18641
26428
67654
34580
59551
32427
56083
99129
82765
58095
69795
12135
46130
87167
78367
26764
18769
70850
62041
77162
62188
395
86733
26165
20337
65945
51771
57477
76590
44937
89430
7439
92839
53612
39989
41681
92655
71766
86678
57224
97611
2150
25478
51897
13363
8955
59769
51478
613
33656
3572
40849
13686
16751
70626
4436
42645
63475
57199
15081
56174
29728
92853
19255
8372
91922
15650
81542
57977
79506
23503
40846
48010
42483
3040
2316
20847
69599
47657
58978
9745
96587
46046
85556
63704
88205
95594
66889
57875
62366
95898
40021
34030
64144
55332
3903
81385
22607
66934
54818
90252
92762
33189
23365
7660
33530
68619
8553
21487
5318
95916
58213
32462
8531
94865
88621
39474
98435
35077
52217
61818
86583
38083
78843
6673
76893
36405
29801
63784
62959
75671
65524
47547
62686
59977
46805
31489
63867
61902
67246
47076
93984
51561
69925
83569
20478
84214
6876
38950
62553
28577
84803
99728
83272
99427
21064
11428
49886
45406
67681
54996
89656
41814
91661
55721
53849
14885
66910
88811
94096
9131
41916
72136
17835
50980
28075
41223
28936
53637
92132
13722
21939
32777
45665
46360
81670
7119
9275
18383
15378
96743
90351
89779
79715
52121
34548
13283
35197
76390
28712
80072
64654
16706
38921
44868
88152
15339
24795
46940
6447
10828
87517
60363
15140
33255
5870
13896
65512
8569
86545
82729
84995
24998
21218
13841
4370
18527
41660
29958
67305
32649
21876
73890
90506
99005
22007
39876
95119
87484
56596
26082
16408
10016
40248
144
84065
76382
63249
41236
33092
30477
54166
31251
66427
47743
9980
19373
91044
87694
72424
75874
70666
14254
3444
93719
14572
78412
53217
62489
98673
73966
92007
41940
54655
10793
8508
53766
24545
2914
60532
12684
66489
43067
28809
37937
50485
84628
98385
88547
62186
98347
20465
86594
52399
4069
3338
36686
72845
31753
55165
91473
58985
77413
82706
72774
5142
93518
59679
45773
76694
46793
69982
99108
15143
88990
35574
65354
22023
68195
42233
32399
39044
82366
18781
84708
96124
27418
57510
24581
87455
65203
60299
41274
39434
77082
95935
63909
41128
33455
39585
19513
79690
92221
83680
23320
53064
26336
88147
47048
38387
26979
5822
46018
94189
22960
50759
36037
79642
67734
80620
68201
16487
83402
70074
33747
97260
23912
3942
64412
12443
59205
69771
79929
56396
51737
88446
30971
55251
84387
62057
74828
26721
27611
54446
21571
73061
29387
92043
99604
88460
8434
35207
41764
61579
38914
74787
44982
33266
40760
30890
25598
83186
10146
66876
94321
7180
26750
49249
47721
34476
53208
14842
61658
17238
52494
43826
69469
76822
47661
43484
7916
43521
13255
33887
76446
32673
38253
32591
99605
19150
59910
2390
57902
54074
76164
65348
17523
42939
8879
87180
66482
5990
40521
68097
31645
55397
96064
13266
92869
27397
54696
37654
73379
48661
24537
5654
71770
95345
26628
61758
18896
19852
99127
87554
82739
27680
83510
4065
69837
43013
91408
10967
87232
70469
69060
52040
91943
77534
78343
69290
30030
92923
20643
38053
44953
84585
55801
32136
89125
73107
20542
38283
26628
70267
20946
38215
78738
49877
61427
55619
41870
65754
8613
98435
85643
84526
19899
32860
87570
35834
1376
6209
54787
32637
15336
59876
10454
22391
65105
55878
54552
9472
89557
47156
75354
80465
84586
64580
34436
63910
92802
72292
65117
72159
18642
12255
60235
61249
74080
68809
36866
56464
89267
58652
69788
80212
51447
37720
10153
97879
41140
63118
21896
60676
46694
44537
38052
65274
39740
29082
59930
72421
38776
68943
89945
78910
82238
83938
26224
15887
10385
78396
96665
97915
16032
14879
26695
39945
61606
3545
77628
7108
6855
33973
17735
17000
36695
124
96268
62701
56827
48727
78305
63929
42815
50693
4093
58201
98396
49465
84361
74641
69886
98100
39750
16554
86028
48431
67926
54651
93328
16853
36799
44043
55675
56936
43291
37099
529
85083
20298
21297
9958
55205
76176
13114
8279
9266
90844
23967
93659
51622
96273
37873
98608
65842
73808
27042
82709
27420
6657
10069
13216
17978
52726
56218
92683
44313
42843
68138
55442
69533
3972
51788
41283
28411
56311
30980
58066
10224
12321
14060
12432
24617
81172
16861
62238
35960
14799
97388
81208
14979
26785
29228
60199
46540
96541
55070
15452
87031
20392
16439
27463
27066
41719
47946
63396
26569
26722
7842
90209
93227
91276
676
46313
57776
99376
18540
24477
33752
48
74456
24851
56601
83264
41134
76445
66506
54272
42201
901
38697
93627
67189
89722
81996
76650
41534
10351
8548
72830
27148
29479
62107
49654
61020
87611
32210
65351
98148
43076
57973
71952
41306
93686
38789
76382
90467
39337
45347
92814
62547
75598
24875
94899
62021
72580
75377
35875
16877
2495
99748
81384
64513
51358
80648
58440
83995
41395
65581
17745
44581
85073
13521
5212
16050
41533
96782
92389
84754
32215
78980
51077
63659
99213
92300
70441
81624
31962
16406
52612
97697
41366
82724
88975
95848
9259
33070
89053
83666
91324
83746
53726
16036
66362
27885
94143
15313
16037
92634
50506
76113
43093
27037
65967
29679
33503
50351
64813
89526
86758
34242
26053
91512
78670
92512
89445
6968
54135
81720
53932
27880
14697
77367
34305
38375
91832
95310
99494
12139
85823
61706
31268
20973
89254
60151
96458
3432
363
83824
79094
55778
25466
87708
95240
95819
70308
71602
50273
7794
3345
69898
28828
86388
10407
15502
29099
90726
54305
27359
13396
8268
39881
96591
87198
71757
4258
3579
93854
18449
79002
17363
10277
66458
99119
38500
56301
66422
8014
68527
59162
69531
18560
66437
4939
63905
78832
19398
79837
84069
28990
23086
78921
19392
62917
71611
60713
424
58918
9530
46415
18632
51428
99961
14499
17040
51408
52816
23710
84435
59416
85779
55699
28472
3737
15326
94036
72770
60010
23650
3689
26606
62536
65290
86263
79644
38074
55542
65853
22404
59506
73245
79120
99728
11225
81647
44636
2091
23148
30030
68760
2112
89039
49159
64323
25511
99761
6984
81682
74823
80925
43159
59187
23680
38774
67083
78589
5531
69069
38638
96505
33344
63186
28783
30457
40639
29011
73242
13801
10473
17557
29448
92541
55273
76246
92887
27410
33200
35219
34795
84315
52557
57955
67907
72485
96516
8699
47797
17360
80146
72732
44266
38012
62543
55609
70702
47364
82711
88379
35881
80733
18085
9998
5367
95333
83634
39163
13190
89030
16521
33693
40649
22728
73190
41883
15228
53839
39448
4318
44002
60920
90718
95453
44406
70287
99930
25162
69237
86469
28700
20566
57670
35859
70109
35079
30992
20599
74204
72810
19265
89224
83603
88513
36110
72452
47455
41666
71902
56584
23397
69558
9316
44965
42246
63814
91096
87624
93015
98899
37359
66011
66200
29399
29666
60892
94446
59507
91019
36302
19130
2141
68066
60820
43008
7129
41983
97342
69933
99884
1119
70099
21203
19123
35741
62398
59206
88666
15380
53801
74917
599
1000
81345
39835
70567
87656
623
86323
47445
9811
42922
35063
62526
88665
31526
86006
22409
73693
90069
48633
54299
91582
80072
288
92227
35590
678
56812
37103
43213
87856
37151
70749
96557
28792
56549
23102
52295
35847
52817
44343
64852
67656
13500
20832
86588
75439
20392
188
47112
50472
82463
17236
64332
42358
58188
38471
99832
39189
84968
31257
86422
79973
33371
71584
73457
36565
53880
12982
14473
49917
58258
19779
12093
96290
82673
61931
89115
11926
41949
64341
48395
28821
86188
8311
88326
26541
55755
4321
77223
18952
79397
14811
6637
36653
72841
49187
46462
74222
61983
34258
96237
45514
1696
6377
55079
26171
72806
72770
35474
22580
40583
57841
21648
73514
55822
86214
98860
49184
38631
11979
65666
77830
55753
67091
44969
77800
62652
18843
70089
95132
78205
14042
10679
49217
50727
52666
92883
8868
9643
7318
77320
75610
30615
61855
10672
48280
51712
73281
79581
99876
76290
91881
64620
31469
64898
37694
86935
24560
92811
98263
30956
12696
41964
39679
71433
37761
34103
32148
90178
81856
92292
56448
45432
38452
10699
27648
8867
82726
49522
93874
70133
45902
34501
59919
34761
71498
32125
9881
22478
91259
34403
2387
80069
24726
36805
46487
67299
63079
20904
82232
96343
79613
95757
35362
33981
60837
2519
196
52941
91229
9551
2815
40611
39820
60912
90134
333
42462
81451
50783
11355
35475
69651
47674
84625
39145
68885
5304
53269
24752
43267
61822
28106
6750
1400
53276
17774
89095
76938
12801
72830
31855
41117
16420
54629
79078
59971
53795
31289
31491
45310
71751
56381
40768
19149
85295
6916
36985
70189
53402
44851
34904
13585
35603
67917
74746
83455
79076
35331
82568
6907
63682
50391
98083
96041
83192
48558
89339
8805
74617
49120
68992
11611
49408
44150
92400
23108
13432
38087
4566
57153
22158
93411
77909
57027
44001
1162
10414
41350
87054
8799
60538
47737
6415
91005
94666
77108
78703
59003
52265
88691
53476
15612
17022
85668
10143
43576
1904
45177
42888
64558
60730
58239
48182
10464
26462
78003
9850
25450
75239
6533
61927
46585
35717
10707
902
68657
73865
96090
30001
62727
72155
12644
91361
6836
89867
17685
33276
74655
53890
27567
48415
62514
2577
13198
99888
60305
26922
55168
40368
27190
80870
37974
80354
35091
47769
41015
43868
54887
10606
90296
58240
52844
87309
23453
58104
34720
52974
19821
87294
56542
69875
92478
94733
26249
47279
72095
88598
3686
26316
42695
89635
36275
57329
75692
57925
30849
73481
40606
60482
8882
61277
64803
17830
53528
12788
61715
57436
23947
52720
94132
40718
7679
70579
94692
67228
14283
68298
42193
35319
93592
34057
44984
44793
54628
37628
28236
28018
72333
36728
94684
38528
3801
81559
30828
26167
20822
43558
96168
5305
8267
86974
12601
40984
25611
26415
57197
95500
65825
71344
41970
8171
56257
35585
39127
28676
274
96577
41931
34404
23343
8439
93396
3789
3478
68841
2331
29560
88994
60430
80214
26116
86068
85152
11917
78267
584
31917
82049
50763
88039
61651
74631
84399
29980
92059
95293
41927
85451
15625
64389
138
59055
63913
88439
99750
50129
88035
25566
13915
44360
27444
48057
7308
4406
81242
24789
63258
59614
66714
5123
37643
21508
2961
33958
89521
65890
6194
78625
54400
30581
33047
94910
2947
92620
17806
54181
51568
41449
57643
37396
86553
70662
67041
94449
93435
25422
33495
72247
3757
4455
74680
37423
40758
98149
82225
54557
27517
32891
33688
38676
24412
47129
56405
40119
64272
15977
91052
62764
79377
29996
10636
21484
32664
88518
36586
4217
56075
32883
89283
33620
64932
53106
50730
27860
27954
95230
78219
17365
84543
53511
27975
19024
52589
1169
39442
89309
85269
1735
70838
42564
32015
68767
92586
39339
8333
37522
29912
82448
57205
19123
18378
78971
83439
86644
44635
60849
90164
20807
8537
78076
43786
95226
48505
73198
77870
49133
3358
77237
13121
40691
95062
5849
88605
3718
7398
93365
11698
42973
26490
85468
93425
29851
89549
72606
59944
20214
18323
67307
19397
11606
94657
62036
7130
41165
17868
81200
5251
69791
75138
53457
60428
94777
8379
80789
87223
70559
11318
52182
57819
27898
62035
67446
92728
97262
88497
21232
2340
69671
96988
14101
32123
93438
3953
55998
72798
99920
8199
86333
55342
62195
66802
70238
3979
86058
28847
50925
99333
86639
1290
63923
96655
43768
30539
24286
73708
56801
19714
92615
63062
96433
22793
44737
77477
26819
37253
19890
866
75825
24010
74266
24442
53230
26201
38097
5496
45239
58594
36653
80382
24537
47146
45930
24717
68680
75273
93479
98103
47815
8366
72722
79109
29104
25719
18508
262
2312
44777
47928
9020
72421
91594
50656
18815
61063
33330
23055
64480
13435
78438
40141
38175
1902
68019
78937
156
57270
75271
28403
4455
74237
87131
8915
55267
6296
49094
97011
90
94514
21995
24692
44060
3204
91731
45600
97200
62612
19840
87306
80509
46
23542
8792
50985
38814
35565
44943
63984
89924
73831
56068
68334
40785
61326
10470
17885
19978
1152
42771
83627
31301
74486
15922
53931
34124
2410
74947
25477
26556
94526
18123
14070
399
4058
31505
62198
74220
12433
71327
44233
81201
7001
9896
38790
18284
16128
66411
72540
38591
27558
66649
73882
7652
58458
51728
83080
26340
57943
60052
85155
72909
53792
51889
74018
80622
57931
58002
52982
60655
26760
22060
41134
31368
97530
94115
59477
97143
90693
27044
3311
81151
20168
22495
31321
33732
37747
86136
17223
54247
36079
57028
28494
7034
96533
85742
2539
73062
77596
30722
74700
30700
42699
29669
73992
31076
5179
69851
86219
15264
93590
83647
60516
73068
30436
29134
43324
54142
83525
89454
70009
99631
6305
43491
67028
81713
1603
49927
68636
10555
93790
25809
44723
14511
77340
42346
71903
21642
5312
69983
75518
38833
40460
48494
21351
85178
15709
79690
85612
65072
56030
6910
12035
51408
15717
54917
21629
37945
91962
28506
19182
98122
45431
34173
12312
86431
19717
4651
15028
7503
96829
64527
32020
81002
40607
3409
8595
22123
74245
83354
47922
89668
55575
88121
53155
58250
30581
47673
62423
98077
79796
67743
50436
6208
70055
19606
31552
77846
87878
1173
85311
85365
24999
54029
45389
88714
70838
94061
70607
40187
52939
47907
66990
47489
75225
36606
96463
11810
48989
95888
5638
67376
73635
23885
17807
31320
41556
95046
75200
43587
25852
51578
18988
10236
6416
46778
51533
218
21427
41269
32869
47419
89640
9087
12916
22037
92445
25943
72314
99733
35086
71554
72133
18799
8814
91795
70816
34834
10633
62027
880
12814
19732
84828
66537
56372
65840
64357
83762
26958
35253
83677
57577
69896
36329
2194
20440
96489
15825
56707
70729
48450
29945
61638
41859
63724
56041
25591
46728
34908
30137
39985
25638
65949
86345
23507
63626
5476
57437
34909
59258
74147
7972
92710
89848
17288
91104
32372
77475
8131
19777
69092
20826
17988
42405
45453
59718
26063
27167
29670
39254
96197
75628
30315
48517
64608
24326
39834
29145
61202
89339
32617
30836
70721
10618
27320
41978
83267
32230
38459
69440
31455
52861
28697
63752
30852
75573
60523
23735
59874
90755
4721
3380
74879
13595
68266
60022
56789
65901
49838
66040
34528
84134
31466
26280
50168
29217
54985
99104
26693
71065
43519
15118
12549
95408
11530
70496
53907
25396
92154
32136
49758
88677
12631
12315
61417
41878
49460
44881
35575
22745
13956
54572
58380
42095
24734
87377
91983
20616
74910
4737
4211
91182
34228
29180
72101
61982
95616
24616
51524
44404
60854
51791
18863
67652
91953
70419
77528
13499
88580
31461
49939
45002
48052
35679
94880
88157
85708
35386
67351
97903
51830
6817
39691
50824
16055
42807
85756
16008
59294
81342
26844
15380
41686
19981
24853
31095
64183
2775
97661
84161
93626
88416
72424
48334
15411
53424
94027
93927
11158
51832
95161
5172
70726
96396
55636
83580
78305
26883
37589
25325
75698
74623
55324
63814
29760
99051
67573
72733
79697
99276
7769
24806
74357
17111
22468
50104
18348
27815
36953
5532
65719
47267
61487
80718
58588
70612
60278
94076
60227
61525
46855
23703
8337
60126
41049
98099
6980
6102
47598
24570
77
22544
27802
22996
78546
14500
49091
19555
94992
59845
76102
91682
57570
74479
9991
77036
17229
7308
68368
14273
92961
87034
20183
62846
74232
15290
15700
55691
9037
71414
81849
36251
55209
37223
39401
27589
39558
45195
91377
67920
37135
89085
77885
94074
13204
36677
86461
69860
70070
27163
58895
64044
6421
6108
1462
35322
42513
61998
84299
19139
57138
25506
41012
29648
26972
29319
50132
38258
24587
7680
60805
82426
11812
56237
85790
729
21822
92633
25128
7673
14979
57062
43787
47158
93234
70975
17186
37622
72781
19862
76761
87736
83025
83757
9509
73568
18669
76147
61452
72221
94717
97657
62969
15488
25680
34584
21902
46735
32387
52296
22699
69633
54472
17428
63332
87479
92038
43228
42159
73634
14778
88539
83779
32035
14631
53077
73552
7379
17350
9367
57932
37246
38072
60942
800
79448
2238
27202
31489
91293
5645
58913
37959
17979
64580
16688
37481
39341
30380
44143
45028
22783
84656
36934
46725
2266
4121
83467
21882
84861
77957
21553
77837
45098
59312
70592
49132
88118
12372
49679
58933
20059
93757
76159
49686
87986
18568
87049
91676
48579
31173
34333
13514
73312
10609
68445
10492
59296
70386
3938
3514
26028
87485
94062
20143
80851
5078
56885
28697
90897
85526
82664
28501
90985
75223
22363
72812
16852
86599
31054
57249
58208
48993
18741
94753
26700
63082
31932
1191
76079
32112
29875
18199
11465
58177
12522
96827
65860
82866
39579
58290
12657
71551
61380
91347
38380
53593
82946
92178
37980
73902
24947
7151
79562
40065
33034
34190
77753
2189
13755
26467
82514
84764
17092
66641
4257
34036
61040
67978
72683
97530
31229
46673
98899
89085
63605
8286
47468
99605
99354
63499
54952
57921
5997
93231
79562
58832
13368
29927
89172
79234
82532
4622
46867
73834
96035
69941
78878
48281
80527
64525
92499
34976
23655
63443
24653
31599
89204
34745
61131
69699
50186
4696
27776
52755
33010
83586
61103
29418
87611
46719
42356
457
41418
19887
87472
87640
33262
60339
93612
34051
35320
50768
65220
99024
92568
26288
91892
2395
176
58442
71409
86587
31733
40256
6282
87014
55171
56726
78408
1878
50402
95063
86952
77011
58561
7875
33075
54095
21157
5901
34117
82471
81337
71437
24501
84202
88963
26479
73960
32664
66778
81894
76770
78428
79961
18713
32340
18568
43951
94549
98860
97045
73741
34170
98233
89243
4768
39709
54405
84666
93176
35992
22069
65878
19500
11808
31687
61054
72997
3474
8458
81504
77742
79096
16900
12044
11585
41805
87092
30050
3099
19166
57595
76442
40381
69433
97600
98435
60720
23560
12841
40392
41066
92978
56429
51731
83561
78778
95659
10680
79041
95623
88208
73577
20152
71061
49289
20597
8069
72667
98725
15506
60343
86715
71878
55021
245
19442
31670
93709
21569
32178
49123
57831
90252
70907
11323
92814
28571
35817
12765
96890
66850
76047
37934
75399
89186
66004
36925
23970
43236
93302
41938
55816
87131
34632
35543
52508
76943
50809
62810
12539
58741
54129
31908
23423
43993
28957
94745
25174
59137
14659
2772
84809
99163
11669
25370
81817
20451
10339
73348
71377
66715
63478
62500
35280
39819
21447
51615
69741
11533
88839
75684
61551
15096
86958
34120
38842
43606
62438
27025
96035
70542
94517
79011
72717
81830
38063
46706
27398
442
24924
59081
22120
9749
23428
11933
82971
41854
48793
77803
85964
71724
29660
26004
47379
26485
1335
2336
51140
78455
73503
9891
78029
73866
45371
52458
76947
40658
88705
45173
94529
52031
51357
31956
71160
86659
83931
18527
49259
36664
1452
41855
77218
5444
406
13236
30222
65286
83219
50980
34550
16681
52793
72262
80307
23300
61051
12865
87457
29677
9373
20551
88075
57004
61505
71416
41638
40478
15060
91520
88863
25074
52989
8843
68875
34601
28430
80662
69393
74126
16539
39148
9222
90491
77208
18822
23316
50747
72000
31761
63212
57902
51776
72112
59790
91985
59718
13078
2396
30776
38985
85306
63672
25283
55429
7173
89707
17343
21742
96081
38372
65267
49087
13721
31779
61950
29803
89676
41433
32241
99513
51189
30691
85228
39977
63447
95220
45569
19893
33645
46557
66124
46208
23994
73327
63396
19970
90019
64820
16777
21965
77528
83246
14734
1707
88762
61668
13784
10257
17992
80164
22220
99488
53120
38692
58903
15596
76769
47182
18369
52436
57939
44220
727
95634
93291
1948
62516
14981
68733
82431
83236
29417
43131
99625
53027
73134
92871
40499
62694
79809
19619
30520
53171
78032
98384
38181
5803
54519
23236
69525
61785
31452
93081
27548
68638
78888
29458
21563
80553
53913
58534
92457
29240
81551
43797
99158
15012
86005
30795
58029
56575
25121
19810
59419
21967
63706
76396
46563
89952
95290
1846
43135
85137
43643
19255
56083
43822
26028
24239
1731
87273
25552
984
10895
11363
19373
93596
9147
82327
87162
97720
89528
7948
35043
20427
99011
47002
8785
37520
59819
64375
81254
3948
52072
3831
88008
11950
23426
98078
3817
38799
46566
18067
56709
24445
69162
3272
54937
24712
731
13916
62049
21231
4128
75760
99532
24584
89297
65587
58206
17886
47358
32996
44895
83743
2058
77802
92736
96843
24425
56643
85407
19253
33377
91203
25221
56
94789
98563
24254
56144
89101
83303
23648
8121
75035
33904
95290
34493
76584
15745
47317
14536
72420
69408
6834
53924
62762
7010
64994
51407
26826
22453
42936
72570
45631
14096
50103
97970
53475
79325
5570
6268
27674
88466
44395
9557
25840
30454
80938
24321
49451
51294
47129
17180
28427
5294
44245
56155
52612
15510
20162
75749
12133
93338
82369
9213
59673
97690
41184
86195
72906
63580
26478
19861
77690
29742
47238
2754
87069
16525
87576
17480
58954
82459
50215
33131
43399
46063
25550
55364
25839
60936
64183
14060
31515
5020
95211
47168
85254
27535
54626
51641
49665
80719
82578
47109
47614
46672
41381
48223
37151
48903
93165
67738
67203
17455
17949
98480
95706
54891
99759
65037
70573
68118
72675
86994
97102
21093
61396
18555
39708
38066
22214
88593
70551
3897
47499
92202
50587
16300
38791
42751
28094
86142
24301
17294
5634
77505
20362
54536
91222
3469
14947
93817
50856
45308
21151
59978
71460
85286
32567
19879
52847
84978
7940
31931
30009
92745
35687
46336
28450
36930
8003
76245
4527
33839
9572
51452
75435
30413
81165
94743
72450
67891
56673
41613
29508
2434
83985
48390
33579
85278
40710
97735
77714
61105
49430
77471
71488
56222
45484
82636
33087
75307
1112
43401
24813
73556
1251
61347
89958
74160
82844
4132
85336
50349
28778
75306
28346
11746
61446
29477
527
97609
37279
13627
38142
96147
55689
18852
33559
10451
25645
88926
87978
28862
44318
5121
44285
4092
92494
58697
51089
96164
35744
6138
50531
33380
88561
28227
524
12178
19389
28287
47272
41556
29844
61961
39279
44368
75994
84644
27150
75085
26112
84454
26842
18352
17360
51839
45020
27500
710
81623
5926
7043
52549
22316
99783
82277
37795
38012
52140
11396
46024
17936
1382
20878
24970
78854
11068
21148
27640
77362
44224
18220
57080
10390
20074
92650
85995
97839
13716
71014
34173
71738
51616
87782
31612
1730
38470
99576
67888
1775
65219
73970
2861
77719
17115
86908
82849
17440
15966
63511
99658
62666
10715
47197
27747
48216
95347
51155
21047
22451
81313
56133
34492
40640
89375
22657
47422
12219
16437
67953
40890
22611
72279
40305
50569
23632
43742
8612
29339
6655
88329
37247
82021
4973
12277
23346
78522
54793
35308
59727
86139
56510
46473
12672
87950
38584
74652
99862
54813
53779
55862
46360
95915
6635
15642
45152
32260
37637
6485
53567
64011
27818
9857
83367
96698
4395
27668
94430
2520
25508
5172
3205
59826
41750
43761
10127
77437
61570
4056
77407
10401
21059
19715
67038
65720
68440
59886
73633
79485
48057
89400
17231
75192
233
45550
71335
25334
71462
7289
4527
11948
54191
74504
81106
59623
64470
7419
27112
63638
62128
92552
72583
94605
50193
51776
85841
40312
51670
82420
17925
36395
34279
7673
60589
78512
55805
40335
13296
71217
71721
79647
53604
49631
94474
13335
39560
55134
8096
52772
17415
45065
26444
16316
73166
28368
96618
90767
9802
51285
31195
12664
10655
23320
64877
63751
72979
97544
36411
99646
7094
77833
80779
30736
35881
66864
29115
48132
81788
45116
53039
21567
89876
49137
36686
81641
88301
5520
42367
7490
39838
38415
77767
55562
13981
98597
81353
86197
2129
48997
12434
20723
45752
84218
57352
44641
51299
42709
33387
91152
16540
56050
45313
92984
8627
36930
23595
55112
46543
38474
88995
62920
7424
47786
25770
95196
56057
46502
1145
11244
47477
84875
54484
96851
58434
42706
6475
12073
11079
78554
45772
27020
22647
22789
99761
16377
93717
30916
32966
30827
67874
95253
28506
60174
55989
9033
87086
42471
66373
71639
3118
53263
76608
17127
57394
22455
34728
63984
99089
88233
74111
44729
19009
13662
33539
18534
70051
20683
20100
64926
17568
51667
24381
19459
69197
45841
42436
93363
60244
48133
28057
8022
35471
59578
29552
77647
95056
39526
62829
57822
49471
39115
57849
75204
62928
60104
14925
56809
76902
4049
51179
4366
28134
72513
52990
21670
48222
50450
67037
23133
3480
99060
10949
83564
69554
23518
27488
21971
9678
67085
79654
19129
178
88812
78603
23246
75832
81435
11197
61615
77616
59476
77618
43486
11710
70062
82749
89963
18425
45274
46804
20943
7427
90071
75270
43136
21495
98460
75926
63105
85557
67431
71613
76353
47139
29056
29948
59048
60609
12484
56373
15110
92071
87226
54880
32401
54517
69922
75590
85589
7925
71274
48520
17216
46278
92975
50463
30397
54814
68220
19953
45430
56525
29514
20569
36633
54589
73576
32756
24879
57383
57518
92164
57364
63619
77162
62966
95671
46334
13170
63644
89483
8103
56973
98611
91081
93686
59473
15183
57821
48754
83096
18568
1788
11234
62491
20207
54325
3720
28519
41821
51082
62808
21519
19854
28909
84714
18371
42930
59310
94441
724
64224
94610
77395
92568
16252
53627
44006
64069
57290
20389
82173
80408
92152
25816
36848
77428
16811
35648
90876
22955
49022
78113
95499
9673
52728
1002
31864
77408
5593
33663
35926
44259
88024
19241
18469
79373
48989
63402
71302
96779
54735
87119
30072
74285
51977
99596
53216
9984
25888
42423
83428
62505
57732
79356
4084
87908
18780
94908
74416
95356
37415
27209
53850
12879
7284
13031
45508
42102
4649
2803
57740
83998
55152
47289
5386
31233
24758
17532
3533
92397
64219
67481
52909
75436
2150
62879
6788
49710
74223
25697
98253
70419
42080
25385
53526
55609
96904
70048
54226
78559
39355
63184
3598
58369
28690
38435
35577
62446
90471
87400
91088
81138
28747
11549
94894
32687
45241
25037
29144
83922
32271
83836
13724
27181
88879
34544
63093
20177
25229
45125
56917
9882
88008
90915
37121
60270
77544
51117
7392
27601
89321
7597
65466
6530
82502
56531
52701
36701
90647
40662
72040
78274
58696
16933
84249
2091
30379
5584
10286
32719
53889
72881
82312
72905
17278
57844
15675
607
44188
67162
15629
36971
3246
91371
59241
23387
26402
72136
28979
49174
45464
93473
20473
32115
89703
88722
27091
4983
81536
67421
92948
62426
17836
98153
92517
35919
22435
23333
28724
12235
76096
6809
35854
93605
51234
65185
27326
27294
45534
5329
82132
36257
15344
15816
86289
61104
80972
61507
82878
18039
23611
64837
20972
33438
22858
13466
41704
3952
2988
96387
54324
96314
74454
89580
30441
42755
78245
49734
93061
23741
13504
31475
91974
35359
71274
55646
35085
9219
86456
66270
78968
18382
55002
16006
78070
85450
96298
13931
19623
52611
8880
5294
32943
30581
21734
23809
13866
85488
65764
64722
3868
81249
4810
74778
91219
32827
25294
36345
39364
77359
28468
98097
60916
34811
5099
69099
44399
70229
86749
24774
57998
42089
53393
38302
18523
94450
5212
2062
61369
74640
8640
96984
88383
89301
64524
69647
24983
89177
70943
22044
19648
71095
9980
56469
60519
26349
26950
76223
66159
25521
75079
33537
96468
75695
8816
14613
97777
69571
76177
22560
35413
60715
70198
4313
10928
82943
42077
58666
5334
76451
39344
69939
55286
25801
69662
51988
36668
18314
53589
92651
45964
97516
10773
5268
32470
71956
43670
93451
87453
9153
77770
79178
54585
61876
52947
79009
67232
1710
76883
99876
19246
97905
17755
51017
26736
62657
72133
58727
98611
79910
61972
70324
49331
19444
41829
47259
69206
82032
82831
69253
74587
44379
78109
27713
95802
68617
94744
95517
25513
49574
74625
59709
49850
1342
60620
23900
67303
42944
55772
8016
92888
44762
38422
58251
1948
3980
81765
29737
39672
40543
49153
87365
32997
70294
27210
55373
98230
69072
76416
24749
71312
50697
60985
60465
39704
91018
27025
2206
1164
85337
83540
58738
83922
65601
64354
41577
67492
62800
38973
67581
86496
18495
82565
79184
9204
57475
99920
80429
96741
52713
83919
61334
12178
36843
44223
65881
16116
47171
85971
82961
4071
57044
25150
75510
74172
69877
8210
35290
77859
47162
83731
55631
60507
74177
17881
72209
81725
54395
37423
95812
89382
87361
4452
62087
96406
98070
69052
6434
12940
12958
28544
42269
66841
97653
47826
25503
1190
18746
80724
28888
23896
31840
38471
8199
92887
68781
34381
80011
88531
21459
47223
80579
70866
10128
78217
72064
32883
71653
88243
64380
84153
69260
81098
61653
16695
19176
93505
829
41530
89366
60936
53991
42012
62877
74195
43730
80564
96286
38039
42837
97096
18331
26980
67492
73141
6176
40744
91008
6407
82920
23996
28287
78263
30265
46019
68969
9075
99828
84972
2771
76539
63471
31351
76496
81986
43206
44444
83231
84790
99560
64234
39602
51879
52852
35017
53398
89857
61049
6691
68296
67029
98706
61237
89849
47970
99502
21001
76736
65607
32641
43471
14068
2107
22384
27853
97344
81316
86847
44955
70511
65941
99152
62451
75253
58705
58999
59396
15564
9893
68584
60896
70234
38063
85773
91232
10765
63629
37987
39288
1116
80168
92681
16734
70749
56100
19045
76643
65325
35609
474
25820
44341
68922
80183
89076
87563
84159
39404
90023
4837
76656
27526
17687
2990
94296
83990
34343
66679
56072
18831
72738
32030
55185
81128
57815
67341
30931
51391
1635
82105
86875
57145
56706
93893
35106
17250
66977
6718
8289
46173
34793
66937
22019
44999
42717
37330
27665
12019
78066
82869
2652
34643
80165
76712
73022
99722
64893
2650
49301
89785
32264
91131
85129
1106
96073
56435
27466
61853
3530
69484
86367
65742
4670
2983
65179
94057
85232
28052
3089
69169
8184
66392
14729
93383
70761
51052
29378
39969
64452
53435
85135
91671
60574
58909
42902
16382
22398
73224
61472
2193
15368
30128
14310
91919
18784
40826
74066
88740
58688
77854
6060
38642
49872
82982
49714
19016
19702
90361
46619
21399
55679
46516
56729
71150
25534
5270
68691
52197
78302
76534
72633
39476
69517
25063
89633
36204
72466
74967
24652
78911
31162
34223
67704
73985
94154
96416
73825
71276
74628
24622
64853
79566
80161
42890
10691
92477
88859
11158
67586
99552
77315
51766
45242
66685
48117
93179
30445
51463
83716
50718
78619
83589
85152
4679
95787
92682
67552
85641
54016
71247
88903
97356
94448
53287
17170
77913
25031
64660
93332
70534
31812
95683
17639
64250
7800
94801
42157
37372
74577
22151
78271
73147
87162
81129
20330
86417
69297
10341
3161
28535
69249
96612
33893
35451
63562
73899
22701
79500
82903
40433
29792
47932
65839
2180
23397
71476
66247
57527
96920
56983
4425
85412
1824
49818
27372
67264
65030
22704
79538
40400
23692
24878
84836
64421
58994
42049
55048
77976
36344
42716
60109
32077
1536
8037
64382
82952
79951
12876
20324
33524
25749
66528
85857
29375
31005
43636
67461
36917
27547
32396
65054
2495
66217
42047
51336
88391
72020
37116
78646
89229
81035
95492
68763
19550
23667
43866
77299
15562
92354
85014
47847
98534
55678
33219
54877
63409
49176
41420
75489
98193
14801
34928
70157
83993
54391
45660
67210
21687
22307
86549
8744
1729
79277
43451
30867
64678
11425
69323
74523
90132
90702
83818
91743
93373
25519
24196
76514
10858
31532
95111
51210
5459
8075
90355
80706
74382
62839
44985
71150
34546
36586
7032
64494
25416
66845
42438
23451
77251
95937
27556
5290
47386
57539
77572
5100
91914
83803
58800
616
40014
4399
2344
6139
29769
84103
94029
2620
57405
72971
54669
51394
53683
65233
87863
47048
87827
86030
88737
66540
23675
27900
5984
47830
21334
60007
22705
4900
40267
88073
91153
30481
47534
46011
85992
62810
48112
35465
22062
20496
14881
46551
74307
91722
45870
97280
55601
83186
20120
62456
22417
30638
89647
90999
19191
89437
27387
3116
38957
69903
85952
14220
92670
89696
27617
31388
28716
30258
93803
78229
73674
37618
91660
21316
83838
25316
12305
25991
30749
75453
52021
6361
9145
27560
65975
39614
89140
20149
89661
35234
30848
33223
80755
42421
88327
44895
19457
12202
5116
86114
72524
53574
16085
37069
33499
64533
45102
98104
61065
30134
19835
14565
61126
5223
20234
28431
33752
259
88361
45293
733
34597
24444
16561
89218
18741
65900
119
6071
72874
53074
67599
30891
27166
62497
62773
1176
88877
4097
15364
74085
90699
87920
21762
59470
46397
89704
68922
23371
52406
44910
86703
64952
61578
42308
46567
95947
39580
77933
58623
80768
48673
68149
25440
36407
37121
64553
37847
67778
5485
45599
46002
95491
23867
96359
27882
75710
85245
60372
79190
39575
90400
93217
73578
64730
73483
98892
98970
34279
7970
52566
99249
86698
59502
6373
59992
5905
29447
8108
11000
14832
84714
34351
24492
27048
34638
65975
48781
88504
44198
28508
18574
1117
73874
32912
33997
28443
78663
79509
11872
39593
61018
24331
16308
8902
82825
94522
37124
97577
61013
23209
27230
45895
64220
99857
26655
2528
19443
27125
93377
69589
93451
75808
7205
12378
6899
40405
71697
13845
49327
90077
27601
55155
10432
42131
19901
66613
72149
10909
1476
73042
116
87007
66554
15842
30681
54482
59342
49951
10218
84316
46850
94273
45732
55155
88623
27864
6120
78945
57185
78948
87408
51650
17631
45105
6213
71111
91734
22753
93245
45909
58293
23084
77934
27399
92154
76482
9206
77395
9252
19689
23024
6091
55300
32516
46398
5876
45386
40525
18814
47924
10710
83818
74798
1271
25286
65822
2764
57952
1938
68751
42167
82440
88188
42955
24906
7727
36758
56201
21592
64805
25671
14667
51840
21176
88632
16895
46709
32474
70866
13448
50612
5787
31160
77352
29006
6090
62702
12177
17813
53294
1300
83934
85158
7335
30488
34160
51313
92756
15263
25656
65398
26751
56845
59115
8290
47082
62068
42616
74920
44669
15720
6598
54051
3590
68479
87378
66863
76051
23433
1134
48505
66939
82730
78623
50741
31546
43949
95050
47141
77179
19269
65622
26088
95923
10683
55336
38498
83995
4451
70793
633
85302
70695
16835
93424
40704
53217
5337
72433
64251
8873
83883
49978
51660
85929
40026
43027
47865
55975
35946
52496
62854
91330
33859
32067
75471
66207
335
60930
7563
90941
590
41858
17909
58424
95006
35512
25610
73902
6440
59478
75019
97500
53277
19410
24248
99865
93897
13842
91730
10553
94683
19672
65635
46368
17431
80367
10349
82793
34632
15268
53353
73889
8121
72748
25934
29039
1309
73138
44116
48269
74066
48498
58485
70765
84353
65067
81102
68490
93451
30671
98848
93262
42976
39567
80920
13766
59939
99485
40878
65149
98961
68823
55272
27537
84109
7572
3387
665
31677
8945
92704
90236
56272
33756
30102
35267
5781
82071
28227
17266
92985
87803
720
69703
82025
83640
98964
25178
53485
15297
98839
20176
20826
134
26575
83719
87109
98457
70123
11157
1435
33347
35056
90777
15412
19755
16043
64566
44666
74604
51786
32149
94010
16248
626
17239
35483
52965
61526
25918
94160
41612
11942
49169
94088
11361
8639
34984
32393
30164
13071
86549
71089
33486
14328
36933
89594
47466
47894
4635
64668
42011
90426
68948
15065
42833
35022
42686
52017
39331
47747
41817
82454
33892
98648
1485
65213
90971
9110
67751
3540
75632
52025
64369
85326
45441
63940
4351
87091
40462
64561
10959
39689
74249
59752
47985
2268
15039
63494
18762
54723
91909
54367
84464
77148
47319
82948
34918
25019
12809
5486
69959
24880
26081
97350
28344
76074
20505
3351
29140
78903
91384
85913
52020
20276
85570
99012
64509
75339
75341
35693
49115
54065
71070
12822
27806
30263
77737
48387
33616
88043
63514
29406
90293
24129
58910
5337
68486
94181
67868
53503
65027
15549
70083
84615
6307
68946
6277
65930
9399
97573
57373
68638
34767
34214
4418
6231
33525
20749
7635
85178
24956
62147
15500
96314
65995
2321
18456
6400
84738
53260
72022
77786
67708
9519
21071
22407
75027
41563
23078
56513
66230
64583
96491
2681
78552
78239
2725
43768
64252
14759
35663
46289
84662
91487
7548
78462
40058
23170
99842
27808
46897
88307
75097
23523
51899
46842
65870
94082
95021
24245
32539
46519
91868
21427
64577
85849
33853
69786
3952
49268
51520
20688
79222
18428
42587
56353
18654
72022
56226
68319
12868
4182
94245
42679
67915
32153
44549
12357
58754
78809
61729
33375
11692
99705
60538
70228
36731
86406
32786
45716
1992
63952
79752
9471
85654
87565
39408
70916
70945
85296
14300
51793
24701
56842
36193
7719
95980
19267
18217
85939
43348
97028
45783
10115
7717
39104
35155
32437
16122
85936
79005
66182
72953
31793
95039
38763
8525
650
26635
8536
97431
76078
99333
71914
66085
40183
90206
17804
22522
52398
30045
7224
79119
97063
46635
73514
55687
82823
18044
86384
91934
12999
32653
26150
51831
18309
84509
37598
7131
40639
75670
33028
55840
66172
85952
65425
81973
93391
77886
42685
31168
72285
19139
9154
3589
37108
18910
32094
36184
89660
21141
79645
40124
66268
49355
20852
4744
42196
27560
85298
9390
84375
67747
59976
57779
35465
90411
38896
5914
99823
97857
61722
12142
24410
2231
6280
9383
54052
44130
34650
97942
24165
16045
41696
25972
29530
22994
36595
64591
83735
19220
44739
2147
18310
55552
87335
42595
68975
58089
67681
37454
60256
97674
22516
27455
1220
14151
57389
56698
40327
1342
25478
19381
92701
23628
93710
87414
22258
67362
92031
6884
28945
36180
30874
51047
43887
11108
49452
86585
73759
7110
19992
97773
46895
68626
42479
56458
194
71728
91074
68064
44947
84279
69278
73642
69187
28769
26745
30942
9479
31779
95806
49292
75666
41495
29063
79529
23675
84182
99615
5060
51171
53057
39457
49011
38040
52454
68169
25783
14501
46911
19090
61254
22821
99141
28663
12038
99247
61437
22966
24381
4063
88986
77698
86634
47190
6367
10831
93719
42710
21805
6435
70400
81042
81073
72203
12222
93652
65042
37915
86506
45758
82553
48615
24770
21485
68690
15167
60859
85468
5832
49046
88596
53188
36380
90320
28713
99893
12910
26990
12133
99737
71043
3320
23335
80767
14242
72142
56834
55933
89520
70224
96103
46868
1598
1605
78743
66090
87869
94989
12360
50771
95204
99848
51222
95253
7649
71452
41007
32788
69795
25909
18241
98245
90414
83517
63536
73137
42464
25320
12731
96693
55143
78940
1824
35923
87985
41223
91420
94886
82275
75579
28239
9782
96630
13170
95974
43610
55605
77031
21168
6453
31421
82820
88256
21908
91071
57231
86820
49218
66832
66800
81855
82459
1172
77702
88718
43025
10469
49970
40400
50461
1561
61168
14769
10429
2144
81261
14193
83274
15325
45008
65266
2464
99427
27280
15709
12844
50157
10085
57883
97337
69289
15112
98399
55226
22527
42544
49557
1475
73994
93455
61294
52000
55995
96173
52791
13637
59085
76311
33177
28631
99161
48769
73636
89777
90693
96188
29301
90801
43912
61120
17311
46115
92325
61154
31140
40789
78583
10994
1633
97384
78503
9259
40821
42641
70241
17349
61949
79466
36717
46298
50468
29231
29323
21106
46114
34800
97226
27487
41197
65040
22215
75259
24571
41192
8147
78684
23695
84601
27985
61847
95060
19379
9898
73473
64361
29228
10446
39518
16285
92344
45334
17345
51080
14212
63051
66385
58234
56225
89071
67292
60450
90246
82478
5956
87689
59411
73267
26188
81756
89461
74908
52274
58305
72313
10285
18641
55437
47184
78066
55285
24736
40807
37223
30898
52893
19836
64712
63328
98228
92641
82514
10421
45258
15984
85895
16900
48591
21031
49380
21908
72794
55370
94687
54733
25584
23452
27176
67853
92765
12495
19626
73768
80426
48501
8905
68483
51538
51554
16083
83523
90918
71863
51364
89235
88963
3130
59671
86560
18876
67203
12454
89295
36124
66570
85257
23505
52324
86087
24616
56006
50864
40797
68705
74242
16815
97451
46107
48945
55635
72644
33835
53003
94337
74514
86221
83765
30474
85099
99877
57061
23736
10994
63021
45746
84905
2008
89327
20974
94546
73950
47343
88480
64469
73747
94098
27960
7165
17190
77207
13568
16169
81776
66716
38517
81503
38604
18427
95641
46596
928
69335
58383
3252
81502
43112
46040
77790
10051
23748
91302
90207
5442
69214
22266
50064
94494
60066
19483
13893
27937
21536
16484
21445
37596
46276
39540
7945
89676
81065
91944
24665
63505
86974
31900
26135
27377
77050
5332
79127
40266
83215
12193
97045
50508
84303
58293
25770
10411
50430
80008
5768
10493
61242
46866
77689
85271
96352
10742
22022
47974
97368
36212
4107
37373
71814
47881
8613
56885
49847
13838
69265
30801
92107
20758
92671
11601
10011
50943
55142
64898
14406
86452
66942
73187
94736
10232
377
7466
54818
59383
77469
86201
10287
6543
68002
76209
29423
39422
6688
50878
96874
98944
98908
94761
7537
73719
73697
36181
93256
88751
43041
1483
65188
15385
69813
20004
60074
32451
37289
75875
50655
30521
91467
774
39579
15119
72809
93879
66953
73949
28741
96325
95467
39441
75799
18209
41794
44373
41539
55847
4897
57459
81004
25216
52510
82587
90085
14365
85493
98340
81247
64350
94614
28754
67489
51862
78740
98570
14661
92202
83429
6890
70584
8896
76409
84277
14913
18733
37926
18544
92215
46441
49857
91917
60096
39401
29099
7389
67111
23278
20381
38500
54479
83122
56289
19220
97394
15982
86749
85178
27607
16040
20782
7925
7902
40484
92907
30916
31883
505
95642
34802
50075
44470
12873
52459
74480
70683
71603
54635
35171
35700
52537
29258
77535
15695
96257
97308
90949
83652
90971
33454
6850
90690
87413
18443
92967
90455
96667
92943
11527
64181
54794
20567
74114
31029
28066
81015
12988
34409
41056
93
32192
82286
93377
381
28724
8371
83677
16152
6557
78292
31170
3530
46415
38570
66780
7923
888
50860
61885
94830
99778
87614
57766
96927
5736
74814
49063
69137
46258
31592
63500
5710
68369
37596
96713
23083
91758
57236
59604
28516
94598
96402
54850
11463
72888
89392
62270
43305
11890
94761
33256
27515
80359
4405
21903
19283
7666
61778
52248
25946
40290
36906
89167
48591
74218
29311
19742
1429
17751
61077
46208
13417
18742
25907
7238
25577
63837
13979
40630
66612
12905
67022
11124
69957
32169
33654
35707
41454
37443
74416
98006
86576
95972
2553
94725
62810
84480
15874
77692
48115
58633
34075
86714
29225
53783
71032
38117
75131
87957
47557
69432
76572
5150
84687
93731
21313
95595
48569
71815
32405
77616
26775
21831
63324
5191
15150
61060
18845
2112
93022
51830
76611
95054
59014
45213
72118
97042
45490
31720
40592
76333
92325
96028
73441
62131
21905
371
43853
48088
17544
68872
85105
53579
44263
26643
86239
83378
62286
4678
63000
18879
42289
74145
55375
94503
36210
62025
14850
14436
72879
27240
5923
77205
48129
8721
45586
9556
77628
29033
90732
49820
93537
53761
16048
30625
76776
50982
18460
93437
63408
98011
90900
98639
21837
73623
5697
50049
48481
44210
80507
29062
56489
77395
78670
22173
32757
42474
24586
56576
69680
5379
97863
61746
17584
15099
62409
16909
13696
6910
87929
32786
2173
52455
60851
82282
98501
5530
84829
26466
78795
22401
24344
95552
28436
49048
5107
69242
22892
11833
28871
6762
66622
94908
59147
9105
72212
53868
90146
61376
99289
89621
51369
77354
46745
72250
47607
6392
69252
18663
22273
76954
86281
6301
20895
56915
46283
3533
6337
58374
29844
9653
86444
90478
4761
63317
78259
90098
29950
7936
72468
70549
22620
71630
6511
24901
84716
86729
55543
80271
26838
33951
87588
99911
68710
74978
65470
57951
11011
58113
10671
60537
78527
44975
11153
42050
70204
12299
5298
40392
56178
13175
28146
29320
84883
8567
22849
96336
19694
13072
5277
39958
94138
21797
93766
4721
42584
93295
28995
44055
53445
65626
8905
45370
41813
11332
29932
19714
78084
2325
80093
45492
70999
85628
82470
72624
49432
39179
21429
59215
67825
86801
20454
6945
73257
6413
8029
21966
87494
64441
79002
72094
27813
94211
14904
35522
84906
18712
80250
39312
3284
66228
54008
42264
20794
65039
80179
31551
24425
50364
29128
43291
77710
58806
21758
64424
87627
24245
37743
35342
86068
16836
67222
48537
50549
26196
88760
65097
40717
11790
21910
37531
34231
96397
70002
16280
88043
47301
70328
16812
94494
38638
45975
41158
68565
44862
59191
54604
78659
46940
56398
36765
73132
35138
22337
84515
85230
47913
47181
14202
92659
26658
14335
62849
4154
95244
90614
11424
75796
31874
19380
27680
12567
5946
26430
9709
18350
3614
13453
60230
92320
77270
90844
9059
29588
58
54495
29103
13754
65107
59052
11911
53975
98452
50765
8806
39087
58875
92335
41668
61576
4901
35369
10515
98851
20070
85209
81164
37990
74644
43877
6789
13774
36643
11567
70080
4909
23740
32874
48746
79426
47510
59818
91303
15610
20844
65817
27323
80122
56084
31795
50245
91254
93292
81545
79125
8254
37044
41723
54960
16613
97284
74130
10280
51211
82461
6088
48630
68890
80047
14399
95398
27192
38041
39830
48106
80049
69378
92993
20702
75907
52612
2697
441
27328
74728
70490
33649
25986
27873
22467
83257
4237
10781
93595
81474
86158
45612
1754
51961
26184
29677
38161
51077
97132
61605
54989
29765
3762
10175
65042
91947
44219
21423
74002
66130
85598
60253
36776
42751
88579
58156
90678
35457
9813
46043
53405
82649
75633
74619
86910
82619
62057
30339
80519
84582
35351
7579
45996
85529
50276
33152
7471
80107
22
41932
82872
21474
92427
79862
68893
58508
9607
52867
94381
89331
99937
35715
1447
82565
89069
93731
58762
8983
42829
67930
42584
7383
61673
754
6876
33442
7017
74957
62211
28999
66517
54234
16748
46048
70594
43047
72742
29503
13278
32267
64358
48421
6785
9195
20286
99859
65904
60774
41479
14427
62588
42941
78247
73977
56828
8689
8672
8754
46538
82625
41741
8978
3860
48373
82659
6926
12465
38523
31508
72035
80651
78874
97060
9107
85000
44043
47283
69229
84761
7472
52910
14882
24439
73842
96332
93803
60696
92350
40717
46905
15910
31296
82408
23865
19181
8455
98446
878
3725
8117
74735
35523
33304
78017
31688
62485
89298
9951
99146
53416
1969
85880
92579
6206
60306
37016
43333
38276
84316
28018
22166
36886
56412
59011
42153
56906
35984
40009
66511
78576
96639
75330
81842
89268
43602
13097
11448
16046
39456
77011
45569
69437
950
67118
93134
3768
4949
61077
6098
83462
29889
31635
65052
34003
46897
19561
85448
74956
36722
13731
16254
20436
89872
56101
63000
80619
13020
76078
3307
33423
14612
93266
18089
85659
98074
53339
7817
16860
34716
33376
98239
91607
76530
8329
29401
24457
77378
75235
17366
79740
87722
35718
73356
91707
99290
27926
70049
13035
38899
12952
26386
50483
57404
4935
28924
43384
56194
72957
92767
19277
486
82249
8892
47300
86935
2296
66582
58171
12702
84688
89126
45075
45563
37147
30734
72718
33930
57560
94364
77929
9239
57382
84635
82913
90484
12389
81167
6580
1172
99650
4643
54091
44462
67796
23922
91170
77799
46353
36638
85426
10371
17814
93134
19042
7931
92170
69805
91921
41626
290
4546
58034
42638
72043
10399
22994
26113
1728
51500
33054
69454
12542
92049
98099
42247
43617
77485
55339
47009
65985
95653
49981
37191
60305
16135
27256
9761
94427
66632
58647
94914
10668
46648
66759
84050
58447
11338
69305
15424
41959
88879
15191
59198
39413
59169
35616
18392
78995
90590
77297
59828
90647
14772
65165
44441
47880
95033
29494
71241
50087
29910
79323
9709
96209
52380
46730
46740
89095
73551
54234
98603
49116
48066
96040
25573
93895
18221
38874
6296
1204
82023
63946
83163
51071
60824
65785
10255
65327
69283
41081
679
25527
76135
51485
84504
13532
64247
3897
2863
22293
51904
87712
3593
59551
30464
32037
49183
74033
7815
29023
8073
27622
49924
72014
37449
90428
43733
82311
36523
50616
65055
76815
40573
11830
82818
23910
73729
40100
43996
1068
60918
72219
14477
45760
87813
9445
29749
69778
52140
79988
84669
40836
81693
76421
33627
80172
61399
15933
92969
28444
76165
17976
42985
47736
12041
67194
19805
72956
1546
21210
78354
23405
66974
94462
69791
4234
64495
21745
59573
86891
6112
85860
21009
46764
33833
45600
85039
82209
72740
80836
5181
94203
32505
18479
65329
57141
33323
91351
4015
64423
58329
90129
87802
79185
99929
79226
85115
72681
62562
26233
88130
72413
44310
64259
98201
57978
27742
83881
69927
13339
73174
12807
93502
94947
7518
25864
19897
58393
2428
83699
75021
24114
38651
35733
10568
53724
74584
67143
12697
93702
66267
69288
63679
10639
1395
11832
80934
8755
15364
88081
51195
62679
10520
14830
6698
37497
86770
5897
48401
72688
69071
92200
43098
79347
52789
42192
57518
12388
25751
91047
48596
27724
57037
8444
2356
26643
8636
22735
59951
68155
20189
80752
89244
31194
64130
628
87106
31769
26269
29731
89941
99458
94145
57660
95471
42487
26037
18812
39082
91145
51434
56281
75214
23225
23020
64245
4981
19116
34509
41145
25079
36672
63496
47957
69912
72153
8578
66963
3500
36061
41243
40177
89813
97685
88353
9571
71720
31634
36807
82742
55037
11513
42080
54292
76513
87249
16030
61232
38589
8073
17194
35825
34503
3126
34159
31387
20551
4361
21011
99141
59469
60595
22885
6330
85793
18282
39396
27937
7118
36950
40368
68505
27735
27971
86118
86261
26168
11703
88639
93896
30502
81471
96107
77923
89897
99906
1019
586
70275
22083
22986
80585
48921
32234
27125
52517
36728
40725
1299
66477
43962
72303
71577
98033
87302
48969
61363
55633
18644
31344
53991
91894
74751
5450
21651
70294
9950
35175
32403
34079
1144
40891
29255
18157
13419
41152
43177
20875
12492
42689
53897
44666
31260
47655
57807
1700
54861
74898
87788
97582
33997
71381
821
57788
76036
2246
66434
18506
34598
10493
13790
31872
17238
81320
714
92923
10337
40914
1107
78241
44349
62456
46730
68283
82633
77448
35478
43964
19295
11618
81919
98854
32554
60
41242
47832
13281
38233
93509
41195
1661
26709
65489
4708
82073
1527
85146
83885
90353
72627
7695
25900
19328
30628
59511
99775
883
12974
88787
78033
44078
28281
60489
12320
8354
46863
1478
23436
53231
38749
82722
9260
50540
90753
3575
31852
94333
35724
61844
34521
13608
57646
82996
96537
80353
81477
3737
71473
62241
3550
75563
12406
6599
18027
71418
46648
72505
70491
16166
7759
81668
85936
87519
71534
80799
77548
49415
94162
71397
53721
82542
2095
32954
90107
12976
81819
90395
63952
78332
64313
17463
94643
88560
8787
13688
72455
57549
78132
93826
67830
71653
8975
69888
21583
85535
59053
67632
81734
24738
61508
4533
92190
90684
56726
7138
56589
81013
18503
64300
78980
90582
93947
8109
80435
85453
36522
40546
71033
46217
30235
90254
76902
10927
57074
57431
50874
75525
19650
98698
3287
76748
68695
63519
51976
12317
26696
64094
91051
78025
34096
13684
57445
40975
75843
40191
85983
64790
46347
60598
91438
56897
24661
56979
25743
86138
23570
40535
95670
47005
63916
89381
94436
21412
8443
97696
65494
74690
90376
36881
10662
51855
75716
18124
52866
31921
16827
71283
87747
28078
77478
89417
67938
65299
74748
6732
3608
16819
55319
44094
6914
81728
71102
63108
34393
86097
96227
18575
11148
96086
55103
37525
20885
28157
12956
51397
64454
21534
93394
97861
88175
19474
90186
7300
23541
87648
49988
5922
14420
96473
40773
13616
28279
72230
28404
32414
47768
48315
45716
14568
66016
63106
50434
7207
5324
97108
83443
46917
63550
86047
436
23825
31027
92375
39444
19304
73617
98721
43332
70786
46120
3550
54308
88570
75740
76300
37560
48912
16528
47708
73362
88701
92038
99462
17615
8341
38531
52335
95161
20550
23357
34893
69744
53096
29568
36913
31404
27453
64290
65181
71609
24415
2118
61988
81008
80842
54796
5589
93368
94471
13001
87321
67957
62026
7896
71176
25720
95985
42951
87346
77251
30545
65826
24749
83349
76255
16878
40429
27006
60232
21420
5730
25750
117
78677
39586
82688
1495
27035
58479
29668
94954
56545
36032
29296
16737
21344
93246
15738
90643
32602
85816
75279
18675
17853
60744
21325
1753
17734
68862
72419
13228
8488
83980
43391
77313
61885
22969
26860
40560
15161
25972
53933
44207
94936
72361
78372
12680
76041
31351
6898
79882
89874
34059
47273
44815
58704
35661
42023
90963
64602
63620
24101
73747
48454
24271
90473
38806
63245
21738
25415
93553
65960
39380
41263
57889
44264
97976
58058
31502
63451
62540
77810
47785
23258
75281
65245
44421
55581
8175
75230
57025
16343
84044
21650
10644
74076
36483
75658
57431
76078
8794
5468
30551
6616
25624
20118
82007
27974
59721
49051
25458
84818
33792
18340
70465
51149
89158
43583
40570
18120
30933
9251
9238
49440
29845
51516
29569
24723
11606
26404
62195
13465
36716
85787
56564
77659
57394
93579
40473
6121
20928
60625
16627
64820
86350
33583
12230
96801
60298
4275
39811
29885
31405
46923
21130
21493
70393
47370
63765
21421
22099
15831
67525
28642
56723
66848
24231
58681
66376
52564
63772
78793
27523
92155
59027
24189
35529
92956
18869
43884
81866
96138
12374
68042
53704
10943
24284
57778
71795
24778
39602
71890
7607
26
66076
58185
28882
82805
17738
9750
58428
94522
57072
16576
15215
15710
68978
82350
48623
45167
91591
38723
35853
96041
94734
62284
7485
47718
39587
97003
11817
4390
1208
68307
27354
89312
89536
67946
50718
79635
28610
73017
49501
75917
73968
95245
68108
95906
6423
53122
15113
57183
33624
64404
18816
97320
46153
51182
70606
70673
33670
86760
51803
15500
31719
7523
76387
26988
7938
24316
93388
24709
19224
74644
72728
99030
95933
86820
44014
33827
90817
75368
54362
33224
51671
84559
96323
68069
86401
39841
82721
30544
80035
77429
33038
91636
57949
22744
29374
77814
65878
76429
70240
49802
34302
27896
27672
19611
69212
86529
24815
73275
35009
2026
2431
15995
31814
77378
96389
90859
96839
69842
11337
93583
52793
92611
24914
21852
67656
3784
60060
61524
36849
42102
72453
34511
77448
99998
2494
20905
64555
61831
31157
61596
61175
49573
81867
2302
22467
49262
21285
32909
82033
99596
92530
74465
30876
36147
84920
87120
4153
31661
84595
97312
65486
82509
54261
26923
5767
94900
98668
16626
2276
41787
58604
70615
83198
54122
48996
53336
27432
70420
57434
54967
14900
90061
82546
25421
13978
60016
9249
26864
53556
93755
99539
79743
91280
93703
77536
29873
46877
60687
4019
32462
70746
66871
95703
18417
51848
76485
31964
40989
28069
16695
24573
3413
81150
14392
50024
93533
39286
84870
31202
20569
91490
115
42230
14250
48324
75242
57311
88361
3329
72992
15435
23613
72450
21060
35887
37635
99915
41212
40268
95903
56027
96528
50086
93522
16547
21887
43880
45947
44091
91955
99443
83376
80667
33872
50916
88236
52031
31190
91390
47201
983
26297
35687
13960
96048
12755
60832
74056
41489
43493
41624
93921
16498
38489
89882
493
41939
97931
56717
8321
68457
37171
98431
68584
55569
2289
27406
70293
31510
22117
62662
48346
53965
81206
74932
59807
35891
378
52242
77256
67051
37712
99489
24099
72848
34135
21272
47215
12306
55702
81786
28156
76931
20592
26418
52437
14105
62713
31323
2124
54762
16551
576
31242
28745
35179
81808
8614
98470
69981
83197
14987
72535
98358
38104
29883
55471
88058
86286
14592
4158
98942
76661
21805
86923
16278
78355
37217
10236
5049
2703
96690
29337
87066
31382
54687
65080
26987
5742
83406
83231
69291
75687
13936
67770
20657
87874
69334
14539
59027
31974
34084
89100
42334
78642
12807
66168
70261
16010
80487
85977
73646
69262
34876
58971
39704
85519
52529
66211
27296
30708
79814
58111
84431
73105
66965
38092
89520
29451
42546
13376
49891
77050
96634
91275
87368
41343
9167
64708
62687
99880
27481
39613
31827
65482
17668
58509
45180
4935
22377
54736
39842
25722
537
31228
35844
67752
3850
9861
90478
94286
6163
88649
38978
13831
27867
17621
69828
65469
11294
58991
25649
10010
72012
59874
14268
65909
93351
36385
69933
25893
51038
96015
84911
50749
84205
9558
22856
24890
71902
22059
69130
86627
66192
77232
50002
81779
91789
27306
82206
80183
7012
12833
40061
13154
60805
47229
79919
5052
55050
94001
60904
81833
8047
99682
67977
73574
91920
11889
18032
87578
52918
21523
65204
14383
78907
86821
6940
80249
79581
74717
51282
92014
56135
12887
9025
53686
3802
27241
53150
99070
76606
11857
84671
52689
48122
31628
40760
71549
67586
27487
88325
68528
84713
41234
27124
37652
89379
24426
16217
31796
44347
13612
86749
56958
17497
47248
92551
1263
51135
11054
16650
39465
47604
85525
90338
27828
14881
57866
99429
56130
10984
46352
28725
96179
83222
69940
88763
23960
2739
38853
84745
55854
81945
55646
55061
65459
7726
25153
37254
95067
70391
66152
97265
78288
36998
38916
18602
11204
76804
42978
54018
13497
17234
80432
10412
81405
77491
55927
29693
89290
52640
96506
30033
23176
18621
79196
77412
42675
13062
63595
983
97598
92815
26682
94095
94901
6113
40287
5979
35949
22511
83730
8810
56178
18091
9500
34694
86020
24395
65858
26820
8380
65660
22221
69408
31514
14910
67619
41177
62333
75723
48962
65527
25462
77102
67158
13165
46468
44826
32776
13049
76101
30553
90822
25076
40523
48972
6844
76222
95219
66042
82892
77455
18359
5640
41129
37069
37852
59056
48031
56173
60542
85468
45953
34731
2854
92915
63709
12915
33828
43575
25414
20882
90411
29397
58652
74652
96867
53438
17896
93565
56959
11414
83184
12839
10385
3986
9366
75765
55348
52050
34090
52958
45271
66900
80512
19732
97063
18246
11753
55928
71068
45866
77778
55644
63650
31577
58596
68895
55648
84755
53086
29032
20978
82840
43851
74270
69499
87503
2583
93814
17558
79185
32438
71377
38382
40722
49232
16173
39418
53079
9546
70123
93199
7539
29464
80810
45848
59102
68604
38809
96492
33981
92927
13072
32856
27506
40531
87282
52818
76350
2084
59775
57811
33288
76233
76992
42722
38733
25588
50357
81356
60097
62048
97474
37644
58603
84224
29450
55275
15609
97219
84849
24575
6163
43379
61066
52262
5395
25906
26931
53843
90898
51831
92604
29865
75445
79339
38807
89171
77427
58333
63139
80282
51315
26815
38509
18867
82237
31653
44192
80530
45979
3076
58836
65142
20857
79369
4479
68189
22189
91852
54595
77157
94740
59115
28566
4615
59018
80405
25350
22024
71389
11107
96526
54704
26134
1342
43071
35638
63999
16628
104
19049
84280
77215
78349
91350
20569
18422
23447
56823
57542
42591
7129
55620
87724
94757
23471
10813
35460
8041
70992
57534
25080
36135
65688
95250
56180
69335
94327
20761
79365
31314
97472
87115
92290
4205
40637
87479
30948
96277
56421
76977
48826
43499
36250
10369
76299
57005
27824
28177
26988
9069
7582
24752
33057
2865
99855
22337
93805
9997
49617
22790
93695
85429
78073
80699
72882
94510
99673
14873
44251
74873
87876
67733
31110
79853
42890
85773
31710
677
38967
70149
12681
78526
24463
91682
80365
59242
82600
73675
66231
63427
73908
65149
37732
10918
80222
5036
96287
18260
55943
16169
56644
57950
18477
21394
65914
9599
32657
75736
69413
87751
62377
37971
65475
96009
6592
96303
74939
95525
49246
9150
47685
71526
39162
31479
89280
15246
90712
50259
2460
32615
46045
9653
17717
76740
92543
33257
67104
8533
89280
89358
55050
49696
30054
51915
55103
11008
32212
38655
33477
94770
46354
32878
35274
91241
64978
56038
35183
28069
94829
6731
63304
54351
30732
99357
36189
59299
81964
10639
12966
26636
74718
98207
49816
19479
11485
10585
96066
63568
99199
55803
23006
48178
59652
34207
83084
84612
53168
89786
63078
76106
34407
39236
50325
54033
47771
83184
54682
17697
34350
72549
53062
86808
38981
31159
46133
85594
28901
66963
58466
45647
53449
32722
33020
89177
65968
65563
11669
38730
14530
50950
9569
3077
66029
54660
3820
45727
18268
53565
25133
27936
76787
72894
65674
36478
73617
64405
56017
33276
32627
15867
73567
38565
5321
18476
27194
65419
52994
67276
81073
27591
97879
65889
95648
40879
48122
24239
4038
92900
748
86687
41754
83811
82263
21778
67298
91077
41795
41804
22319
38392
42919
295
95154
64839
99103
60885
55361
24124
474
68693
49680
6914
25594
62831
67959
47504
69460
36083
48877
61063
9191
37846
91081
19215
75595
54607
5909
80118
94971
64434
71857
5756
67311
24324
5885
56942
97969
99186
30652
54305
31598
73976
64555
77036
84279
4713
4090
70376
77419
94745
73389
35994
6644
95852
46073
61684
22672
85746
59476
17002
65446
21707
65975
55091
53497
35212
80211
33901
4334
9282
57459
75713
16329
25472
85371
26461
15648
52522
20301
36947
80483
9666
4957
42269
19001
88803
49522
38997
14391
43565
69594
22840
88184
82226
21734
27216
28987
81826
45175
81656
54884
38511
27897
31148
8256
28466
18996
66291
23549
20107
4343
52399
92327
33533
81721
71949
61072
69092
94594
35569
98384
16080
5152
91118
19684
87983
68608
65628
4393
36502
73110
88600
17137
20176
34906
12822
79872
85056
97628
46766
33686
70
10080
20798
85341
11871
21964
22996
91034
13233
60822
41292
3494
91644
63434
50423
39932
74727
35834
74936
68089
7667
17833
71393
69386
21475
86611
88369
12423
1643
66496
83067
65955
92268
94620
26236
66939
90650
52011
66775
16732
14724
4592
51240
43919
76701
59855
66434
62520
79207
46169
98900
58117
67824
54700
86461
41108
46664
36845
76354
20569
32905
34306
86393
89978
281
33005
21883
54715
49455
63931
28273
19517
6601
49848
21443
76124
20378
19370
53832
40232
80889
11379
78866
40514
59101
46628
25535
32171
84506
36305
31197
64419
23113
40260
77651
34644
36932
4694
47275
53847
53198
9251
64713
99258
16354
21882
78729
78037
17715
9729
68580
62757
42226
21525
18571
10719
87229
18267
16495
79007
86816
10104
22051
16926
50980
98419
81144
77719
61264
26351
53537
46334
83821
28145
15678
85544
85722
66116
59976
44545
75063
1769
56742
87672
86946
55422
49111
45339
91915
70086
10883
82996
62447
43772
16053
2347
93152
5281
62724
69593
58422
10029
19666
38681
70371
97127
48914
69332
7450
38715
15805
28099
10193
70790
60231
81604
894
60056
36786
6318
23237
17233
23208
16336
99869
70039
41422
66271
46242
23114
95050
30159
40104
21160
4687
34366
80744
21374
99858
56084
80629
36996
1065
98360
76939
67294
43438
370
2635
9604
91733
86321
86547
2399
69158
51410
71193
74211
21997
82424
38312
72185
35343
21311
27638
83615
78413
84419
70386
38577
51137
71850
99886
62904
7503
54576
90061
1863
3578
26531
88531
15458
92451
48984
68771
62837
36383
61265
65966
77500
42835
67835
34120
80546
24138
66128
27387
1835
19020
96276
92635
45862
86473
39777
86203
70542
36403
53122
69740
26356
41515
40045
59124
12894
64748
77821
46086
92529
75109
66830
11296
46042
86505
13434
71840
74105
9799
72943
66295
42014
39373
40097
77276
61409
35052
94840
43681
7950
99471
59675
32740
70049
49845
97745
81133
13501
35937
95432
6628
28545
79090
18717
44256
67628
22545
16997
19663
47359
76495
9861
36731
57383
41277
92494
41619
45922
80209
29793
36295
27598
67549
35575
97558
2182
8896
83971
85050
78820
85314
36198
18834
71378
97519
91918
71509
16393
88508
47261
65382
2268
5767
5761
98955
35951
73523
69753
39683
55725
91516
41831
81940
8842
86239
83103
1511
61140
60794
18520
98488
90176
87680
62850
35386
61475
8360
60249
22226
69404
67528
76581
86836
51806
40
27416
7650
84406
61758
94292
70427
5774
21137
92333
69525
81859
73529
80265
57967
67514
72909
82738
33359
74240
73473
53105
92298
24475
41172
32513
85460
24685
27367
26351
19065
63783
74502
7152
78223
68104
85372
45355
42635
33862
50398
60468
26183
63954
70196
53310
43043
23747
88863
33681
70014
14776
54315
21902
43528
94025
45492
13712
33956
65919
8537
82917
22661
14843
78736
38528
50327
85334
371
77137
17181
38969
74113
81940
10136
94823
67776
38440
56898
30106
27173
62337
97795
40853
2046
18762
6565
11211
52924
15279
78792
35979
51214
67865
62018
27338
40863
93286
35482
69408
73845
58809
46821
36928
68999
90627
88693
36714
34677
93096
38443
34744
23579
71863
52801
32845
81547
79386
51462
55039
22696
95718
37988
89045
19581
24900
69300
13202
92930
73800
8202
33482
27813
85447
18060
902
20284
85223
96963
6153
72046
12343
53134
29705
54768
64528
25401
24981
99115
64775
28358
84555
47765
66284
56635
26576
22056
7227
99421
36033
10625
60208
95932
24889
89589
16588
75189
3487
33573
49577
98681
61367
94690
30487
16420
61639
51877
42358
33475
11825
48079
44119
54129
77972
98024
74830
13056
52781
32758
15435
39705
15077
12990
20180
26784
71025
89890
74452
84073
76889
7537
22540
93474
51404
73842
60415
65224
26783
77783
63194
93841
27170
26912
28658
14430
49281
11957
18042
74183
60546
26746
16956
12098
43728
35539
31249
88632
95888
64062
28690
88847
85065
36405
79140
47723
60113
67264
8039
40409
13929
29289
30351
74533
35935
61518
27792
680
42685
58866
26808
81592
33056
12022
79912
36509
92240
45719
66410
43057
78879
17869
97449
15939
57274
48683
66057
31047
94630
31647
90427
5978
3992
6274
5888
30224
24893
35636
83481
16217
74301
95225
6109
13869
52792
82298
70613
30897
44929
93017
87004
60596
93081
25642
76523
49503
20601
3781
31053
86778
54037
96225
28985
97271
93904
45086
98910
45579
8521
28754
63045
18222
75762
34624
19142
71282
45834
46912
31234
59906
17264
76058
66081
39261
37910
94814
3951
88691
50261
33936
89117
86425
98232
75578
46743
9830
96290
65292
54891
69290
81122
44327
53720
48876
61812
94488
83906
31352
85151
28883
81924
29910
8349
3668
32053
10103
60596
15552
20335
8101
80220
46407
94531
25581
42712
98566
45034
58798
25910
47176
94102
83259
46722
6913
72978
63056
65467
30924
69166
70231
25566
14517
64460
35899
70233
15942
17343
74577
77007
44914
54127
3714
9476
29557
40487
70567
57241
8586
40836
46231
58318
16859
11910
61843
24767
12814
22680
30908
65630
38263
84986
40628
66442
80947
57969
98947
90847
1923
31354
12658
10649
82967
81231
12899
51890
23456
11583
46484
11124
75490
8767
27787
20333
82803
47210
34889
20503
18555
67788
27203
89009
40527
5762
21142
86220
16753
27563
77641
54358
10126
99435
97583
50714
36435
72863
91798
84209
6146
24624
60266
44400
9058
29835
3842
10586
20160
65841
68193
15348
2216
51232
99398
9648
50324
76046
63923
60373
92370
66460
75918
62091
47573
95262
19257
79429
83135
98625
36065
50610
7650
76487
93490
72033
18008
65773
28254
53894
99518
93674
7068
90194
82637
7601
34747
41869
65415
13583
6325
27971
93732
16248
38430
57596
92157
17963
402
96493
28465
22513
73956
86369
12431
9433
72753
88165
95898
88187
96588
49691
87504
57395
19097
45245
15101
87610
77587
94606
72764
45066
56944
56396
53889
89818
92
3749
18333
31034
20460
83055
60904
63935
77070
79550
34917
86872
68372
82949
78526
65830
59479
50622
91257
86302
5367
877
74779
11070
62241
93860
33741
93854
41568
86174
49895
35506
5760
43353
37332
61225
8591
69778
58081
79644
48856
85352
24845
17274
66829
73132
16610
58928
8121
56128
13343
65273
97783
33515
17220
30333
85984
24365
65270
44521
26416
45183
79224
23495
50288
90547
76595
10532
19458
84098
32162
89035
80053
97466
38071
70731
95290
50180
4167
69101
92314
99075
55959
79448
28825
91085
15654
37123
46337
55137
81064
24858
75142
68448
87728
90982
81273
18464
76633
53781
67970
72088
48085
92671
36542
77053
43559
54605
32431
18621
57591
52733
41861
91733
23712
79852
38064
84546
62922
60027
8119
86413
84122
28102
17516
7405
95700
19636
97662
20345
4249
63963
73855
54919
38536
58989
57913
84890
30559
25859
74558
8607
80454
32761
52452
59062
19641
28140
44442
71763
32304
18218
2242
77382
52421
39653
71534
90372
2574
38440
29768
55796
22518
94591
36364
96445
87069
92625
80971
11287
40958
37167
1135
24527
38957
36314
15988
65522
90579
93706
62240
7629
81021
80452
22287
35865
89088
46820
12478
36966
49765
97405
4179
25644
45563
91792
82286
11770
36720
96224
54350
5949
41221
81467
75225
74852
96999
39891
92977
44522
50897
77825
81063
27555
82392
30497
85251
73539
88622
50034
15039
10184
32989
65468
19023
87820
7431
66577
33090
5674
52492
44122
63174
50105
35808
74917
64030
20571
28427
37192
321
97849
51706
25394
1369
42362
97742
97447
43137
62748
56818
3107
55513
41000
52229
85817
22331
26043
68284
10748
9439
43886
60584
77087
1790
98417
69591
15490
82130
90048
47445
65006
50448
86175
6628
4220
91008
40877
5232
57807
8070
5175
53819
40666
53542
16978
56315
14188
98351
19573
22623
62347
60794
96681
22984
86553
4470
37566
209
65042
36031
55657
84549
5057
85083
91146
77798
10013
66114
55415
48673
37580
57485
15172
858
87287
5167
36320
52674
16270
81878
47331
27416
70900
16325
96570
16259
14637
36540
59572
11509
67966
53201
86689
62366
35236
20240
91224
44468
89098
42254
82543
91875
34408
83110
8061
41765
99004
57523
37546
34877
67129
17022
85589
46517
9697
61350
3979
76413
62073
3023
28708
95581
30557
91638
63701
37884
78381
40461
44908
42156
59910
3832
6881
45244
53322
86984
24893
4252
59068
55938
94797
12184
95289
47311
90345
69147
47721
60066
54360
54871
74991
53894
46387
21622
59775
12802
37516
37049
35005
68503
38568
67372
63107
71121
1442
1991
24759
67782
16185
78101
80021
47707
40721
68537
33160
42691
85944
89089
20388
31289
2459
95693
39571
74645
12968
84031
32408
98930
36803
33372
71139
8879
36107
89615
40386
84270
17349
18362
7706
63928
54737
86712
60772
60538
5084
25017
82107
70839
8980
36616
74332
20986
16943
87470
53900
38548
69794
46300
22311
36632
75477
14641
88294
72550
35504
89092
77798
21467
75902
74376
83042
75628
28399
1334
94092
49774
58266
32435
31476
98807
56154
6760
72710
85650
55764
79500
27416
67754
43111
76474
60466
94124
25725
25639
30823
29701
66352
54859
35068
20363
50872
25171
41661
86707
40109
83911
12643
71312
36324
72781
35015
59342
77525
58965
16980
9614
21708
8610
48908
42248
17942
34388
69269
1439
74759
94693
90016
91742
19356
53906
11074
9108
22409
26812
86941
90051
67493
58476
45018
62729
73511
17502
14623
95647
77227
68424
68055
1955
69592
15982
95803
68209
21650
25715
53932
19867
81916
5509
21991
53177
21796
60495
79964
11555
61160
24998
42936
15989
84831
83095
28232
28432
54760
18057
95037
82140
48691
15952
66318
4592
42355
38295
6183
33413
73943
40557
77220
30722
59924
17098
71192
18494
26214
44996
89781
48595
57498
94304
34133
69149
72176
26654
62721
29957
84569
90919
66065
23346
83262
50307
68001
3298
81682
7562
49776
95240
50702
25425
86083
59763
22095
6171
41124
3136
69290
13138
79639
27257
35281
18733
84846
89140
88788
9751
19268
98746
10770
18784
90345
89188
4668
82482
16286
85780
27146
8615
69877
83797
34623
63491
55149
86077
19536
42065
59788
18046
13401
27392
41526
49935
78325
28781
88388
82251
50033
41334
31843
52856
46258
23086
92239
44816
56354
57548
13837
51423
82846
86843
3999
67471
68090
72900
28802
68702
44979
80617
64975
98670
2587
32589
26518
22989
59514
4769
53559
79520
69297
73191
7635
762
71678
67541
59870
98646
49474
8958
6654
1148
77194
15379
72113
98196
53121
92060
80586
61797
50946
65006
96653
71804
38813
7093
76652
22478
61198
74455
85632
15891
92563
9826
43885
52926
74611
19954
3269
77792
17621
36672
39062
84831
37661
69371
42471
14366
93255
57607
28917
96162
1080
32719
34343
17585
91082
24638
2389
99768
92958
1075
81088
90568
6406
68877
95712
19502
36337
57413
90896
95391
91682
82225
93078
14366
31661
35464
64609
87368
864
16873
22088
55502
64354
81365
54996
24428
31598
41375
71682
14693
87230
99550
10460
17023
2865
56300
88662
42622
5005
55870
64025
44267
10780
79450
2481
38644
83971
84566
8619
88197
42071
12497
50091
49699
92676
80895
26684
42930
69921
83223
36528
46483
2591
86510
69674
13861
87977
75604
36125
71465
73155
61337
45296
38366
57153
74450
24673
63232
38807
96055
86662
43289
79161
89954
67195
26305
29829
2161
77296
52250
77345
20226
39697
60851
27207
71862
80263
41135
4841
85687
79457
82753
35619
73650
53485
19194
30165
33564
40555
23566
2687
23218
5106
51412
31876
33384
83987
81611
72012
25122
50837
39241
48669
99994
6827
55597
44184
60297
47309
21819
89703
17661
62982
45852
15958
50538
26347
981
51962
35739
86652
24496
17597
36965
17308
14422
92907
90635
16153
21324
86641
61253
61224
28001
96530
17563
47118
69113
97922
35651
6332
11386
4452
19712
51636
21333
33523
4426
89915
91684
16478
22202
31340
1350
55694
98465
15296
85746
51164
49164
88875
29037
16098
69590
16737
65333
37041
97745
32745
23610
50540
29122
50104
89911
12467
13983
43289
90796
97414
93406
54377
95992
61113
71135
13511
83843
24717
81629
46425
8580
11268
90923
87616
52636
9700
27078
70543
47826
87386
11322
60196
26107
63818
38062
3860
24550
82210
25531
34265
80104
8580
5029
99978
51909
53200
11894
58536
99674
57376
92164
30344
51053
58358
91041
64742
70415
69089
23423
16213
84241
76093
34801
86955
44435
86604
31539
26869
16072
60013
8921
44337
73191
1328
30738
28810
25938
48456
98607
57510
25556
14418
8186
47445
97804
43365
14053
42627
83244
39462
3616
28553
22897
55488
19922
35387
8068
64162
45580
38796
26779
98168
61450
17735
98159
63300
88405
55031
83145
10198
23276
18298
7232
60970
41666
20763
23155
13207
60701
57851
1144
61312
82759
10757
56608
98337
54269
90011
24379
92894
48727
14322
54742
25996
67702
69987
45466
31520
2676
40226
34380
95496
41847
28873
90102
39273
40948
56249
85100
99453
78308
24685
51077
25537
13477
99887
2130
37388
2649
25935
63725
28700
18125
74049
83778
83225
34312
67525
2882
2402
93328
20757
96501
69641
49359
22260
7417
50611
34512
87243
9127
52815
12839
85927
33117
41516
82738
61563
58867
8868
91999
91094
86806
50966
77222
52176
66599
45643
66109
69723
43433
45130
83708
87717
98289
9669
321
17399
48500
49995
26614
90635
75721
67522
68119
43844
55273
33679
15222
32178
94711
62745
44776
28987
7326
8622
70819
59902
9016
49965
17903
21025
44849
65457
38909
36301
1173
12480
41215
27166
21081
5228
94912
58180
43793
88137
73865
60004
88145
90255
42002
4636
51608
53925
50753
80988
14833
92528
6737
90528
44190
45585
1163
13893
60957
64433
94426
26104
98724
73463
39046
7114
15771
52799
30085
46385
80348
10540
95660
92786
38363
76821
87723
75770
88430
28577
66950
35930
68468
50264
70187
50674
81334
13433
27104
71437
93131
5892
14557
49120
49013
26351
35973
98497
17698
51304
24425
53195
52109
33522
87706
21376
33402
30177
1649
88149
76602
56396
79400
57956
27791
89554
45233
7340
76032
54883
7300
44241
10051
28039
41019
38091
72178
50009
374
47397
98244
51373
91647
9771
94484
6498
17565
9086
87453
12427
7541
4739
89935
51735
68424
33919
18767
15452
59769
37782
91718
3955
63102
90073
20414
69366
32107
21631
98495
5139
26998
99257
24443
75969
51655
49547
41653
72385
62179
16571
67745
20294
65424
65644
64124
56626
23320
55054
37160
13532
63111
69298
33237
91928
88572
63573
19846
6806
57199
55391
91400
3811
26643
37819
80838
25794
66312
95929
59425
14884
35563
8299
71500
2492
2696
87266
73007
94249
28877
99376
37545
61400
39390
94921
86113
21298
37108
74339
34955
73314
23633
90817
45726
9803
91968
31739
67819
99990
39814
28459
33874
21686
77132
59434
15188
87909
71545
95254
96820
73796
33632
80629
40672
49727
79619
20115
60037
56111
72340
37098
78947
68943
47817
24874
62501
51204
25476
91836
96808
25535
81995
79233
81128
31472
90193
46542
13051
86174
17296
35572
54282
12935
18067
87950
76444
71680
18206
60739
11227
90276
68075
51985
34464
98428
16756
95714
24370
67471
67418
40655
7554
18318
57267
40587
5248
22262
60689
22563
49560
82042
46572
28287
71190
54934
93706
86520
93249
30968
81630
40931
87601
97072
2486
30133
11014
83640
52565
50042
53866
90702
8458
96234
2829
12560
45750
419
60725
12478
60601
96954
42868
13799
67434
15954
54239
74311
66041
76298
31775
65543
28772
82155
96707
43689
44953
36716
33991
16427
12751
37376
67614
27275
37544
37719
94082
25696
68496
91205
16748
26926
24578
66198
1000
14637
71583
9279
51685
33813
42469
82317
22966
68748
23536
55260
89873
60615
21462
27935
99955
90133
48608
54675
28135
77085
79307
92221
15696
29899
6041
34828
81539
37614
54461
31038
46323
6372
19782
6032
5836
46600
19262
16609
18621
1972
38272
30317
88227
93039
34419
82335
3665
95224
96059
97865
81772
60626
71889
16325
27371
97073
1368
76086
92586
95051
29272
82055
71246
63340
59320
33814
90352
77674
291
35697
99689
94403
4804
21731
39394
66628
87932
3023
46450
34726
81578
68981
44691
33016
4518
810
30208
94365
96798
16498
90123
5675
19074
9586
16437
70773
71431
72884
6931
43118
75653
53522
42891
80995
22484
98230
35721
87879
49132
90706
27493
79722
32804
25257
47873
95865
4236
96735
82232
91426
12968
55758
93757
85148
5564
70315
58684
3869
85839
76755
43155
45393
49198
98510
41917
87179
26381
32238
10084
30374
92958
7544
53326
37376
10369
38927
45441
45319
2104
79396
99754
33608
10830
60699
77195
2661
19964
33081
23581
33081
73828
20037
30489
70847
37613
53874
68510
36459
13505
78121
32083
83204
5002
96042
25062
95027
94650
62910
28266
13540
81053
91984
58463
2207
4275
56150
30304
62031
80728
6878
81000
59352
3379
5280
61075
2490
80194
82259
19537
20747
90942
35820
49996
20923
21879
58732
1521
86873
93104
2594
8623
16247
32208
23896
25568
67892
78943
49096
81945
27449
9650
80150
5813
20131
61895
81586
32847
79094
78922
62634
10693
58269
51670
94548
58307
87557
26140
66563
10614
51013
26441
87274
40894
55195
44906
76062
96945
99031
22473
84220
91941
23564
58795
46523
53898
97271
77600
64333
65831
739
11249
73069
87496
73792
50533
9557
36140
96895
40916
55462
80817
47340
19982
39289
87895
81194
46175
32457
44146
68092
61929
69482
63549
19689
83267
12087
91494
71724
4385
26486
8990
61819
53970
19003
53383
17438
37996
72959
4238
32130
43694
44694
92016
23900
65718
4820
30543
89697
95725
42943
8394
723
25288
82847
54457
69923
36821
61600
3481
46733
62974
15129
38651
98383
18660
45748
3178
28627
26164
50631
54288
38703
20866
39573
11950
69028
66994
73131
25554
53381
79563
98823
11844
45504
4816
81545
45179
6046
9278
87012
61200
4803
90058
78108
40425
24812
2972
53801
14104
83673
78188
5118
2548
51614
32584
76177
93915
29576
98184
19997
60351
31310
8368
15146
89976
32481
74395
55401
23461
34886
4155
65992
36546
21950
83750
85828
60384
19803
73249
99423
84289
5081
67172
88855
11223
66433
51515
48249
40738
81330
1505
33753
46811
48652
16522
87986
79186
37185
30180
68016
18655
79162
45506
21320
6654
27731
24799
1562
29792
53234
82149
11326
84855
13523
5541
96651
84866
29980
47784
9208
42878
52020
11987
77966
76553
22726
2370
93776
95919
83007
55688
13824
31681
35195
17750
66551
6684
2853
25600
55323
33915
18674
12993
35840
1130
37615
94069
82901
56761
34504
42559
58968
31324
54968
63013
1204
85488
27386
76022
83849
56551
14892
68964
2700
34758
38635
95531
20004
10242
71374
5610
95815
83349
95958
85227
41848
65534
67130
35048
69297
70952
40812
60408
54096
73481
94816
98183
71222
26612
45832
5807
11190
76938
33246
49773
24293
64869
76982
72369
37159
82349
35302
30129
90225
56844
47409
88807
47551
86493
93880
41031
62860
56524
80498
56265
81462
76701
9181
25924
50595
39264
36164
77481
99301
958
99241
84222
46432
82749
33967
37311
94672
10982
30828
75479
69108
16278
24678
70492
91394
30714
37107
34933
56308
36149
58637
52603
13256
45135
8007
24449
68796
51454
76005
90478
34706
18641
6239
48006
90137
96968
64001
53440
69230
80514
56560
82809
54024
36734
35562
12658
95848
20155
75697
29280
69405
94185
46032
94783
76929
89980
78288
58134
85939
10214
71613
90189
9166
63332
12738
11024
66999
95267
54340
76704
37838
57115
83678
57578
35810
56963
95362
57503
57210
47865
35715
94474
24996
39288
19655
97883
8369
81192
88886
77637
87053
12052
65192
44403
18027
19643
53508
34579
33405
28130
17087
16298
88822
46741
31170
80956
50039
74180
30325
51222
84236
91863
48596
50873
15317
93860
96030
27115
28481
29637
14771
44758
93930
84926
62664
30053
20063
12403
66554
75234
55905
52695
68143
56891
12499
53104
13668
16653
29438
5248
88147
91880
10751
5035
68011
52116
39007
79065
63613
27641
96698
27909
87572
91905
34560
85255
94194
61921
46094
83500
60232
55796
23908
94055
18240
45807
5158
96271
7761
16456
89329
96056
90815
8343
23022
17898
81103
21551
83660
72308
53142
29033
38386
53540
55963
92911
57454
59455
67468
29290
27991
97463
43737
21613
53029
92108
92696
32834
12556
35976
26521
32824
15958
18403
41807
21725
46173
58738
35315
49238
74144
71023
92697
27004
36325
67755
98027
16644
29784
97344
99756
58693
88303
18043
79245
45629
11280
87826
78832
76439
24647
82018
39215
53021
37915
86590
8095
30835
65118
66629
3129
81827
34927
64410
50203
29552
10903
63056
55921
83350
37361
99488
85236
59071
34867
92089
31933
41757
54766
57993
71929
50860
97444
87624
23859
33679
56962
74714
26866
92328
68344
95736
80104
60804
33269
4328
89329
56963
35691
49769
45229
76801
23548
49971
86842
78641
55939
87570
91383
29549
35609
92079
28331
40899
78574
28897
67462
58824
48528
56459
240
85136
83342
85722
64166
43190
79220
30039
76295
96965
17715
78891
38659
95121
79603
60544
78693
40311
93165
17150
6794
86970
50515
24691
8170
15098
11890
61221
77228
41726
5451
51785
97637
70932
48060
33177
79593
38739
49189
3854
44755
75683
95685
26879
66886
80779
44112
22845
1455
59576
13908
87640
61067
74099
71476
37018
22128
10143
21052
83864
37766
71030
89830
99667
55171
12005
78511
86965
7465
68639
43396
61927
58284
82764
39822
50315
58979
23001
51047
53259
44248
67478
13706
25639
38807
14875
78740
39166
20823
95131
35069
43446
26788
67547
1286
83743
97762
50121
35940
99832
21088
16665
41826
58264
44371
90383
25064
24401
36702
46390
94568
47580
93
69757
78014
79915
81040
83930
73340
25715
75628
79183
73029
88653
10421
19616
33542
62207
54093
56974
16900
11348
94758
35197
57821
29731
47831
56883
5171
61038
92997
57831
68433
44670
64140
67994
70023
33638
58088
30760
10492
47465
64981
62079
72770
54336
36873
86243
75152
62655
69062
87490
67836
93348
24434
55862
93083
20713
35491
3639
13052
79309
13012
3538
67226
47195
46581
71592
82259
39274
76736
11980
3469
13645
26548
40966
22477
58630
26468
14762
34100
14018
78029
64586
77235
78084
85423
23317
10936
47049
26192
56830
55646
16658
97491
11894
35912
37056
77674
34474
6856
59009
57580
90475
89424
48472
49959
69956
8717
77848
68810
98229
67943
28842
20547
63160
6098
80763
22777
22155
39578
35423
18045
54962
70030
54920
77317
88646
12339
75376
16882
70750
17366
15655
73197
96641
85738
32139
14193
60914
37801
80982
86700
32873
36460
893
89754
60325
20780
6339
40027
44229
65954
14440
76337
34347
60045
51846
42226
92717
92289
96238
90738
45585
2537
51596
88612
80656
22816
33697
35413
65126
40783
70292
17927
25532
24124
54975
22174
92468
24567
58009
41533
16221
37398
76965
74899
87392
59157
90917
13050
50144
34148
16216
91247
23327
78219
53545
21065
87714
61458
9545
88243
1530
45934
52494
39522
93676
13702
82552
21254
38999
66078
84514
61475
3293
91597
13368
51566
55126
57817
82603
50008
32543
60253
10180
73775
61935
9981
45228
79011
66546
55600
95994
48808
4881
95364
72331
98749
8560
66208
21183
48449
46626
60326
73673
47846
32104
58794
30261
87120
83641
52296
22797
21777
33320
74443
43336
21410
85940
90644
29371
18281
74694
62417
55139
23770
63190
42775
58131
24050
89280
94762
42987
42311
13278
66434
17740
13837
34722
43972
97362
96008
59554
58046
53348
5054
91196
99260
8313
27536
82128
88571
10218
32125
60587
52489
93736
16220
44866
98724
10747
91072
22222
97473
89434
17793
99362
27084
94640
8755
7456
12650
77891
51716
41874
86575
32399
28060
48113
63937
73011
69539
24484
45443
13273
73402
46756
12591
76369
28659
34395
89770
80872
21557
86487
84469
57044
97276
59440
85966
49505
48172
62611
70768
54452
84927
88866
58831
6876
89314
79081
58618
487
4175
55940
87484
46029
17391
87494
39058
28422
80538
51769
90194
51898
24504
54319
68854
28194
91469
75283
24054
48321
50123
21857
10896
72321
90838
78979
42410
96358
79481
59789
25549
93052
79796
43467
89198
56719
86686
75235
96990
98413
94972
89490
61443
72382
25540
7736
65379
15471
3529
62870
86198
51129
69043
30368
34058
59282
24891
24376
78674
27068
45352
25339
31717
89232
33749
90439
7268
20896
35631
22723
14406
15407
18183
83391
71360
21879
50922
9179
92651
65379
55012
896
56970
65111
43969
49477
50184
83473
10053
69614
59428
69519
45992
27191
51603
17692
79173
12203
84436
17991
37811
17941
17669
52901
87182
77774
31607
84508
31164
98544
26220
75608
29246
64820
75202
80926
48907
28975
9221
84781
52722
70366
41089
16100
9553
26976
96140
6924
34995
12495
65581
38459
71795
1621
48971
76231
67195
48903
69581
97059
93809
27661
14147
65022
55459
24251
30396
90821
6317
88527
1938
93276
76698
8059
47754
33748
27937
68949
57096
31338
75551
82562
59919
79254
2273
25896
62015
83623
32229
1408
98926
70561
18388
38404
3455
1405
55952
95937
26774
59910
4965
89607
30415
83466
17174
82064
75704
50126
79343
41242
68070
4821
99488
83364
96854
54709
36544
40960
34559
92555
98042
73824
17285
2162
2245
8139
44935
6886
16493
49762
37345
81598
69272
841
50758
84765
13360
44451
69578
28194
71528
3628
13193
55474
80998
18317
45723
24871
25754
97129
67056
16817
51131
22125
23000
38868
15739
85251
52576
45355
2288
69292
3049
9856
665
60549
11254
19252
98717
82316
41088
72541
83808
73783
15152
93430
33983
45235
6311
67888
48774
97715
10948
57691
1726
28922
62421
68729
37405
64520
38554
66789
86507
43184
124
53415
95358
19726
68283
99046
49275
72590
50989
27120
77536
7136
64370
36178
85293
5429
38825
84456
31848
19735
28935
97689
76732
30106
34401
72242
25793
7490
98311
51225
44342
37673
99347
29797
33246
72033
95520
82862
42601
76868
24885
29806
30616
77881
52970
21781
15357
88486
10617
78722
92604
69839
46776
310
64430
23043
60614
19720
55744
72649
70990
94347
91688
88609
54010
65832
92170
65979
90642
73326
70669
72727
90814
99007
62357
12529
51727
55165
69412
56266
89162
59662
38444
69652
68513
19291
15730
56728
46056
6648
37206
42983
89535
24204
59286
50270
75786
73592
473
45967
99031
68274
88257
85066
63339
33779
66974
16113
86865
33697
54913
15541
63853
35784
62520
69185
56367
22237
92274
69947
78268
49423
92857
96094
88412
93844
62282
5204
24415
64548
48792
44646
65427
35366
74202
12727
88960
60910
11272
64778
2755
62955
79186
31083
263
18366
17524
78803
68450
96376
86050
27400
96318
95965
34089
1492
78201
13648
8338
31259
92372
2841
29828
92291
31560
46622
10094
41706
54599
63045
46640
48611
5329
79255
8441
1900
91662
1293
44827
61788
86002
42334
88785
2551
51485
74048
70720
33062
39096
74798
43211
5319
28985
68208
12370
52357
42912
87838
48022
7122
54958
73255
190
51549
41974
38439
63286
85450
65989
64948
53433
5751
79246
51516
32953
88030
15962
54795
61034
88123
38203
4423
43283
17733
2600
80947
42032
99751
90545
15196
42448
69926
67493
83982
501
98457
36667
169
51858
40654
60827
60957
79312
48361
5994
38607
53170
48568
43637
95056
84400
64955
65086
52923
39975
3163
49036
92069
76609
77109
16093
99985
5421
78200
642
48899
28608
60174
1007
76439
34210
47913
64550
67989
80938
1664
53544
97565
97352
18569
77756
97836
81064
87419
83686
21756
39858
11664
63667
74161
19864
31370
31974
89828
49408
5766
78307
99973
14663
26883
86319
30259
16729
79939
18449
51596
92996
51165
92414
4771
81429
41454
42404
36055
96329
63881
94063
58330
93388
14446
14909
10733
1967
71030
89048
98347
38158
67721
17361
22549
79832
52858
15078
71380
96294
63213
93318
89588
54082
22242
53604
37400
67213
81669
94176
43696
56049
38304
26600
96884
27904
89065
39611
22059
28188
18061
45813
33371
26414
90908
15186
23194
46850
49860
61575
38065
71055
19638
94932
43742
78484
19729
21776
14355
40367
57576
66873
3269
89700
9128
8048
55004
39438
30476
45640
64228
59223
95978
73594
67835
70305
9532
33695
26460
44484
81240
16133
53062
76204
8334
98301
3614
20225
7228
3420
74293
68699
60665
63273
14114
8024
65476
63619
80810
94902
59622
17059
5116
95905
67738
1367
41731
46635
65336
71848
25019
2131
49378
15659
79369
66486
58596
58427
56118
64862
50359
5694
21884
52421
12702
66012
95502
87178
25825
11574
56348
14873
79261
35297
38192
26723
62435
36911
75415
79765
64086
77480
59573
88511
54463
28578
77989
61594
4219
19705
15869
51584
20858
82784
30319
21667
29900
82547
88792
67685
9617
25712
23900
65019
73886
28518
36707
74922
80939
35757
97572
48123
61364
63942
79734
40253
39096
34275
50402
50704
49280
52568
49308
72717
55539
35341
92696
15964
4453
29619
13847
13753
59250
47054
41494
67729
14675
42464
63805
5523
20621
52239
16269
34019
12627
77717
75366
73918
36863
47834
1639
52919
29804
6269
12047
74663
22958
46072
28689
19294
11937
76503
15933
51649
39391
7301
62304
8912
83558
78664
1585
51145
33935
49930
88097
74212
75114
422
74525
15099
21322
10008
38595
49727
54021
38336
78228
14230
577
22159
59415
14274
50312
18382
1085
14047
35931
40696
64008
14998
24146
19129
76551
72639
72987
24840
67208
58282
23038
46770
15971
4162
38122
48883
53754
46719
80755
99843
51857
12218
98580
89555
36166
23645
62752
14778
7821
95052
31801
90237
75207
49557
57119
39080
9241
50691
89745
79223
44996
24825
43214
18242
25566
1461
71750
86280
84604
52778
65125
71682
19334
50559
29926
37353
24384
95321
35660
46928
95605
37476
83098
92453
27818
11044
83114
84535
70879
93760
78200
37527
81988
39912
73367
1561
40217
67488
21480
84255
7755
46365
3508
21446
37128
55295
12007
98281
27711
91158
31206
45222
6374
33158
50915
27184
39798
65592
53966
38665
67209
10782
37936
72819
6853
7631
41180
68309
69946
32503
16543
51560
3021
66444
16257
30482
4451
83217
11152
10879
89285
44536
38411
24709
62476
84983
33949
83213
35644
74014
63679
4056
2573
81040
92575
244
68299
81011
48008
56504
83721
85504
85452
50718
93371
78906
25042
58531
83651
90197
51033
8076
49164
80479
22769
9094
70396
60601
58391
94962
27502
19173
31255
57352
5767
97122
90001
22326
23171
57642
10992
14343
34530
7359
43323
21085
10523
47494
48015
430
