82064
70733
64268
61105
44216
68637
81448
55247
57537
59891
4190
58382
99081
46275
89190
51822
76153
79042
51431
81486
87284
87446
69642
27235
82213
80987
70122
37924
77363
74154
67736
69864
56118
80436
13424
3640
44434
11531
14592
17861
15337
70730
13318
55630
89798
5605
16240
78088
20613
3444
29404
73435
81615
47839
97325
64657
57910
16199
18077
48435
46621
36247
80204
98447
39043
93044
65285
12817
1554
87305
6465
90758
86376
39700
38956
89157
9648
86455
85699
92658
23898
468
78736
82204
30122
37137
82787
4604
96625
76638
37789
65772
43599
44098
78478
59738
99319
96041
18557
6400
3069
99856
23975
86389
89703
26844
11621
98534
78030
95814
2560
39976
51675
74249
72452
78165
70080
40185
92965
59046
99080
52268
51528
55879
14672
43122
3457
80897
26779
90186
76132
70495
14095
5870
48189
40463
57803
9635
13284
82832
56267
78646
23977
52694
53749
99445
42827
27703
11241
30301
50136
55798
52788
52885
95417
73428
18706
10719
91773
51812
46875
74215
79085
47037
43850
21418
90316
11509
28912
3326
89412
71537
26191
59891
51215
8060
28097
96428
48149
85874
81072
76436
12809
43206
35463
47111
72984
52653
186
37115
63142
21331
5646
18149
49179
45932
7572
68570
83780
94700
23034
41274
48173
69274
60896
23057
91572
35856
30760
3161
12692
71954
60088
28389
8109
54679
45251
74277
71295
18274
41216
9469
44505
63351
62609
36036
71104
8361
46483
89973
82853
35190
85466
16109
7457
14160
80260
96028
36435
39572
68423
84849
25599
94774
41859
16527
57830
32885
76507
16636
97909
51846
66213
96909
42445
7283
50030
92614
37038
32278
32018
48795
55030
51627
45181
78385
69666
37027
7542
32703
34332
92342
53575
91798
29471
15008
69635
70059
27826
89432
48277
50911
64237
9539
63298
98018
2597
37090
40317
75164
56682
16390
46154
31908
50203
65143
45340
67022
52084
99050
43985
23583
84521
75603
10436
43585
40215
56032
82748
84155
97646
34803
26275
98960
64770
8034
69813
19850
87328
31291
76706
13117
29560
16061
72720
23404
29749
20982
16983
61161
72738
70590
29900
73799
19321
36051
84250
11775
86164
65906
60797
75188
94433
83044
93599
16857
68679
47822
3343
81502
80419
10560
52774
60035
43168
483
64698
55402
1544
67569
57650
13423
22882
13160
36671
55997
2816
25044
32962
44850
27258
49925
83746
57731
30034
55375
37056
5974
78411
15700
41531
38775
54033
41583
29586
603
26923
40041
74596
74321
32115
61127
59746
29
39769
24981
42980
43055
95905
56528
58229
63473
93066
52011
52712
89513
78920
83896
79115
64601
93978
79101
36127
49342
57195
11907
77866
83610
34634
6599
8369
92127
2488
86337
41200
39653
65889
62376
37294
91432
66608
68060
12364
73650
71760
42255
92707
79588
79818
76835
90731
58447
94407
31071
61742
82610
72190
45942
48106
64113
79177
73210
16009
656
89297
40295
15405
19054
53108
73895
69646
99480
26323
83078
86980
64167
59703
46031
21138
15354
72737
99464
19437
25419
26119
55215
75086
47348
42247
92528
63096
38266
87088
31230
99878
31726
27059
75569
75718
27532
21426
26894
83318
62786
6170
71326
59411
60353
2293
28139
19739
40417
81058
82720
77225
97895
27226
21368
65526
46888
54298
22802
26167
64016
856
83093
57740
75917
23507
55733
66970
93311
18551
2155
59726
3920
52944
749
32790
59482
16723
3898
51960
56317
88571
22419
63359
16231
2989
32601
78303
25826
81422
89532
39634
50893
61990
28811
96084
72761
72728
6805
80299
14956
38831
9170
18899
17598
54913
10940
65180
80697
31826
6646
99604
59747
62799
80234
28536
19049
61093
81767
50750
58044
99524
69535
11705
79946
87714
39764
82521
64439
36267
88829
17984
46501
66549
30535
5667
96058
32547
18246
4290
70172
72700
70026
80636
88901
14225
76182
31224
24912
17730
60491
22891
72534
55186
32524
87135
78636
55081
69764
429
34131
59140
8176
28945
98400
60041
1657
8924
86511
16187
11623
89247
66684
54779
36624
1686
18298
56728
13913
63416
43235
83452
79002
69783
36861
74207
68533
87989
26210
70103
40137
8663
39780
19304
80307
4713
30584
89229
59725
82320
62436
49359
96380
61007
54395
7580
57098
5622
9228
28436
18077
74122
10185
21941
78901
76879
19392
27839
50452
3257
86158
93100
13572
12119
24544
13083
38243
37
64651
94145
42716
95139
51543
96877
77772
73512
35826
18406
75196
95646
28782
27392
17838
14980
50971
22431
90131
91152
97311
63179
96189
77267
97309
4234
78662
5440
5995
61870
35471
19015
50816
68737
23297
95503
52701
91001
86984
33890
4298
816
44751
39161
73620
89662
21332
66012
86849
87367
64770
38828
82598
56571
76488
76331
76470
53268
64865
92723
73864
82132
33294
50382
61876
16866
95695
36016
1910
16405
91462
49634
3861
89761
29337
95733
62595
38591
378
71391
72064
50308
71554
87899
75586
62576
35442
46629
38746
64906
77561
55106
65938
57357
14974
72540
33613
74414
63030
65887
68289
43786
14575
61296
760
65152
82002
98602
45552
30305
68772
69995
71535
67139
89536
43271
35625
684
44320
9824
80086
41284
83178
25304
44745
34301
59923
91491
29612
27016
50859
14369
73738
74734
47335
47216
23031
39618
5300
78256
64849
60368
38008
17224
45396
38607
28320
16862
74606
57950
49882
77694
5147
99798
44358
74869
23506
30505
69471
80612
92331
94892
54210
63693
24413
39125
4575
98940
82709
9801
2046
3105
8575
58497
64328
1311
53272
22012
79362
25656
64719
74627
45379
34815
89005
61886
28317
9946
34236
80622
38281
44497
92064
8956
54985
82473
9228
14791
74652
50121
36097
15106
11482
2037
29540
92765
8685
59586
74914
55526
77688
78944
21375
77346
67392
58097
9856
84781
6989
44820
43042
27566
28102
65917
33949
5708
87146
7624
19467
38332
96240
4699
50222
87106
30599
22806
3516
68365
65702
21766
21764
76796
14377
38735
67493
17792
5510
80642
63867
4945
46347
26099
56824
90035
71749
11315
58374
18324
18755
37758
69074
73989
42596
37215
94205
82681
60015
91658
68597
52295
50882
93516
5759
75112
59389
5479
96248
3123
20024
90108
97319
40604
21633
56181
51418
73723
20792
28678
83677
56728
46150
578
36319
77666
71405
8628
89165
26734
7383
60136
83026
32131
75232
43151
50550
58840
57669
87302
88802
82
47792
28569
43923
6590
7417
56527
85343
45838
76116
39697
5564
24850
55048
72356
95514
15432
60272
52368
25451
37596
19487
71970
56016
10049
26021
25309
15836
44937
64475
24959
13700
84314
86208
85676
85425
22614
99295
48540
39670
2677
46949
43703
74666
93518
92844
17048
30169
26693
27668
23065
26862
44857
27559
42645
61581
30143
6572
48622
29579
54359
94047
33928
90256
33211
8881
84704
13567
32867
81970
12693
31222
76485
44137
11405
98433
32437
68053
10678
63859
41212
99073
12075
88952
94715
81271
58244
76583
19520
25362
12732
30290
31578
11240
70507
99835
15754
32231
13215
19859
25656
48827
6938
82820
49227
37017
2802
47692
20574
99081
4916
40105
29525
47279
29579
78372
21816
76520
60503
6055
46380
11220
31660
83420
30681
35258
11922
31786
38552
39483
63258
26589
27404
13142
23747
48983
49031
72495
72467
33698
73249
66151
37299
64816
1069
77513
71658
28803
48810
17184
85861
14836
45444
40599
23233
43761
64909
78639
55322
53128
49266
51794
79943
49855
93154
59964
13052
57951
83088
31848
97065
34711
6934
37363
88121
18137
96053
68903
55613
78481
65760
47404
87175
84310
98407
37828
47410
18717
54093
94419
2161
61926
26417
77574
69214
95586
79461
1514
10411
64255
15385
79450
68536
56732
43388
68583
78445
72664
30819
66191
74114
1182
14971
89843
96216
74921
91914
16798
14752
9697
19529
22151
4040
16736
86099
20680
1741
94428
54259
2596
26322
65105
33818
11253
93064
95189
65464
86396
92424
47241
94581
90984
37775
64125
19983
35459
74201
64329
67700
52228
15365
41210
70564
75135
5538
43356
66196
3534
47159
7040
13447
44681
82999
81677
26648
14989
24013
8374
382
36020
37682
42318
53004
59508
77012
34229
21100
88572
53256
7752
21803
74497
97648
92268
46362
79915
68210
51677
15737
47684
65248
67195
87380
78549
27145
47336
48646
62756
64471
87624
40720
36366
17439
13528
70961
57341
77713
6496
26591
66273
734
7311
40819
12147
13511
47895
95639
11248
34136
72279
8380
45556
41336
29339
16712
45086
90124
84207
85675
15411
30879
79698
29462
86925
32681
15800
45230
1418
33641
56557
20437
806
37983
98690
25222
54677
97761
92036
73112
75631
94486
49078
92734
28394
16976
94996
47108
90223
9222
36416
40443
14756
51340
90364
64969
95809
45758
93652
27224
90074
69899
76861
74708
65149
57326
91957
30525
7753
72721
13278
88014
69720
70031
62809
99332
61949
51566
5809
82447
23932
89026
43519
70512
92540
92413
3846
80240
61511
30971
37363
25396
47478
75547
36070
69219
62715
3855
65509
68407
10856
1744
25573
20441
39451
57755
64052
36267
29952
34331
44053
62532
46482
92447
2516
13765
47491
57219
58884
84508
7554
59786
66208
86616
52644
66517
87758
60812
4576
12139
89104
75432
4222
25758
87001
76465
97767
7310
6397
77005
18931
68792
21469
21041
88711
40841
68139
33062
15771
21258
8096
97156
90322
74173
85729
30484
67350
26160
84437
89327
97312
21976
15621
60914
63509
6631
24643
93068
7258
90627
63153
48110
25699
21904
63779
18709
55920
34816
33471
64519
28753
86055
19827
90445
81830
69114
7698
44417
85554
92578
60351
5887
19432
82489
55586
27185
46367
27222
4866
16700
41601
28602
34380
66376
22037
23991
2659
26166
84323
38316
93324
41679
93321
71593
44323
16975
2616
70920
40436
26830
23573
32053
22792
28096
89769
91319
37992
89594
11356
68204
70028
69762
16563
99877
4292
55495
44636
46811
22365
44224
96051
71828
98527
67589
67736
40187
44363
97270
19092
33463
17481
56677
70296
42672
38797
38105
97212
84052
87603
89091
85573
16060
21039
33328
70313
53530
46942
27273
28476
37849
87279
58207
61414
62149
69761
27192
22869
30986
67888
64570
5130
15167
43400
37237
4172
5702
33918
19431
82521
2851
11319
14489
59411
44204
29584
4062
94823
81465
31461
48396
40255
99343
14567
21713
3178
78425
79325
93412
1528
51449
87124
74334
84546
59265
65716
51011
14353
30225
86321
25984
64226
23145
65480
93488
14763
44114
51144
82941
12611
90701
30064
70671
74242
8555
67598
3638
47946
96650
41924
94224
86503
49186
53769
94262
28978
27326
56856
81087
48058
62293
67215
90897
17020
40845
1490
58262
56535
40682
32400
8629
76672
99756
55711
89115
76300
61744
46475
36015
69799
44283
18581
25156
60737
72427
77951
40036
52411
89653
2482
10853
60114
41535
24181
78795
22378
8577
90514
21244
56763
57471
6522
20881
81196
26537
52722
93134
53477
67951
92887
21603
50738
85741
33913
59409
14518
43493
19314
2885
83067
2763
71357
58566
22382
21611
98994
2472
45605
64870
92575
77418
69941
89560
47591
45815
65787
78872
54496
33546
20104
83263
3200
99712
92319
15017
63744
15345
3361
83679
41465
14621
34796
7734
49796
50774
82056
56618
21546
33588
63651
50845
39096
88083
45223
67668
35758
84879
11498
67719
47006
62398
32582
98507
57018
22082
95323
83068
35642
66394
67000
73572
11668
16009
82300
5554
70622
43323
99216
21005
22693
36521
46482
80267
38905
76166
43216
52713
94283
90007
34678
7240
14236
96185
53187
93905
89517
840
86298
94512
99848
63940
88414
40744
69268
2340
22824
99122
31653
1631
25950
43852
373
45704
62460
75913
57622
44511
16737
45409
14003
5806
1609
38010
55359
7713
70632
49313
50991
26973
70265
5873
44568
91789
14130
13710
77439
20537
22509
24441
81902
96762
9267
86252
50327
32260
82190
16746
83090
83892
15920
22561
77020
2913
78790
12974
7917
8837
83071
34601
67816
93301
40900
74830
96465
43142
21388
34496
87689
74818
90504
40721
35818
22179
53966
32825
43171
87467
18744
96652
63270
80821
83454
99231
72544
72903
20326
51887
95198
45478
39783
39971
1122
16764
15803
89575
11937
69408
57107
22378
91492
48660
60467
45720
50701
53083
10368
72733
78295
81331
46587
65577
66685
34939
31939
88302
21607
27372
32881
97854
39715
88425
10356
76887
91526
65753
82329
46450
50969
96818
96596
99148
8760
37584
71666
11130
3039
60147
61207
67341
15208
76916
86646
91532
18760
86387
36194
95706
70199
89226
43451
49942
14769
15521
15480
65882
80043
93642
47381
48091
81078
28886
70558
44769
88540
6211
21548
64952
42110
10581
92132
58967
50136
4658
82504
45228
74980
65143
30920
33197
44795
56314
38760
45858
61313
38446
29663
85219
81329
78387
57232
24988
14187
36889
44859
58172
19076
24289
93333
6233
33639
45648
7721
