59318
55348
50427
48037
37478
3686
12894
46156
43029
55847
94761
7885
54761
74986
88059
1900
39785
70313
87522
30114
91729
42374
7568
91065
82529
81567
50526
9470
75968
49119
81672
84540
92082
44459
58999
44451
89574
9596
77888
438
579
68059
56870
27574
5173
51348
22388
28256
93748
74928
61101
67700
51323
48785
72518
98438
48118
12892
38109
38607
14159
89402
59915
58493
88513
35558
61256
65155
10005
61187
99691
56720
5945
29824
86113
46100
19006
18912
41457
40693
79563
59142
54814
48084
39910
16869
75579
65802
56959
81046
16041
88290
63843
78629
56704
78103
84895
4916
47917
90783
28719
91542
89178
55383
19641
56896
78108
34404
4265
32318
5603
49939
84429
78501
74395
34859
21862
74620
71045
46244
69719
24875
36891
7250
61832
81024
30203
27307
67542
71886
28934
63814
78815
57142
6612
99874
19604
51044
86365
38961
38064
39208
10926
32144
65947
1448
86803
5267
81536
82052
74807
88640
91833
61719
2416
77317
82215
35078
95739
92525
99351
15738
90250
60544
12043
54749
15108
3240
72618
4864
90779
11382
58943
6648
38907
3546
63111
99113
34271
47679
85834
20980
27251
44661
46629
65541
8981
47753
20615
58819
22450
29730
24611
27296
3353
79912
74893
28207
25897
33407
73284
43383
36267
34422
79138
42973
45417
54434
91658
44086
10413
24803
87217
60845
78016
71954
21778
72441
28003
63712
61718
17978
35918
29286
78773
29228
88949
28091
38507
97687
49274
45117
79616
27752
51500
60603
82358
91098
35434
58902
62146
86896
70097
89200
98710
90168
56633
14250
26573
53748
4985
62995
76740
21113
24786
29827
46403
29356
11795
17589
63104
29883
17420
8283
12399
26354
77069
72366
68544
72
42542
83179
10282
61987
54309
91230
34566
97143
73734
45115
94493
2050
63281
86685
84045
1516
92785
42047
25426
39003
96463
38454
22127
79147
40433
76493
36943
69869
54060
91679
17012
66365
33814
4451
11391
63032
27040
7776
27080
26680
58253
87952
94740
42321
11087
98435
98146
53832
87661
60135
16521
15281
72400
20164
58180
78099
67025
66915
89180
59466
58866
42225
78287
77216
34698
90202
52973
60309
17199
17761
27463
53876
34974
68350
40264
67220
54682
84695
36025
61896
59933
31857
94913
77173
30729
48827
7178
53950
76968
62951
85385
41769
34275
49922
3074
17661
9691
75424
28684
80430
68764
4562
25949
41154
75959
59720
51307
86883
41569
77386
30474
28069
63305
94844
96400
93847
23076
58140
42014
68997
67075
61113
2685
61553
77352
83105
12747
33787
54528
23448
32274
22602
84873
97856
92932
48302
58106
76695
85001
40935
72265
85173
41819
6436
15623
72705
14324
87330
7545
87686
65344
54403
24618
78202
66218
24662
16164
53513
82212
74645
6231
66554
81088
34329
63453
29150
44213
52025
27228
96958
16226
39690
66789
9432
62220
66412
94747
74038
50424
68522
41722
55779
62779
60113
64203
79190
35838
40789
41830
43341
35337
38974
25401
41861
73766
90764
96964
5941
14755
26222
16067
43729
80429
31612
97261
55235
72262
84830
4793
57531
68008
90999
96183
59297
32954
65832
59472
81431
49211
58017
94703
49843
31611
60170
22614
42324
17408
57515
8815
44141
49665
81999
23432
51972
76365
19224
72712
26335
34373
7834
45612
66462
27130
78800
91825
50117
62839
86855
6971
15798
27473
30015
62908
48793
63632
5027
16875
79114
9139
47923
84379
95786
46774
6203
91422
78399
39780
86990
15885
44783
13788
40355
43652
25913
23930
26623
60124
31449
79654
73003
93866
41815
82677
76419
2145
95903
77010
11431
19037
34574
86498
63857
67429
3356
63416
42258
91458
41973
77030
45079
22476
85916
23545
46096
46598
64558
78539
42433
13483
56092
2871
86167
66048
12778
77728
15429
67734
19637
42174
31872
2983
69206
82722
15011
28433
27144
99289
78392
89506
22374
12771
54307
71405
89582
28525
84709
47238
24742
71267
4784
78301
4095
99556
74701
63298
45295
58385
61813
48988
50476
931
84302
27307
70304
47086
63117
8689
7870
61811
25094
7695
91193
44449
35749
13849
6351
26362
92124
79280
26720
88511
3376
33926
33501
67395
65234
3795
74034
78570
77512
22893
52077
51729
39935
87354
2833
85376
70332
37109
84657
26223
67388
98775
21618
29835
64412
68349
15631
95565
18691
60202
7121
48824
23376
73071
35981
56971
29642
63803
24674
70136
14918
33095
82439
59062
11387
76052
78012
10053
97856
69316
1840
59039
52334
27610
90933
38373
57506
22315
22128
96650
69230
6791
32686
92931
31272
36652
89277
97635
78050
66840
25394
96844
53683
15445
91799
62776
80667
54409
63968
24269
45149
76167
42349
841
41083
30517
39361
55877
72101
22299
64420
50396
55700
14597
74307
46809
25413
65073
53657
24827
52055
15241
84182
20491
96596
43290
90976
48062
94013
34356
87836
6949
18587
67882
53694
33257
37104
6904
39007
70568
25085
84367
32949
88243
51030
99539
33318
47267
10061
73014
55970
68167
43127
66322
18449
58890
65955
33976
97560
5628
34526
23880
43033
2071
17425
15648
16158
75726
31988
59736
61569
10993
51473
64257
27227
11226
43700
40809
93055
46669
58478
51306
29861
73039
46923
86419
84618
20624
34883
83328
5540
12148
10937
66986
94453
40207
91244
32879
93787
81619
3246
60085
49640
51913
49029
45715
4590
70392
69596
77165
88710
59866
24209
29886
47064
53294
80434
61367
77823
51018
57163
95642
43113
93612
93973
73649
90033
79319
31346
68651
51191
74468
89893
29778
79830
67993
56653
33407
77320
68573
37683
96608
63481
76326
81126
40584
16978
20228
58865
47780
6497
53452
94635
84189
28627
88004
96719
45941
75013
6836
6889
81849
78533
30512
51357
38108
51073
77338
76730
2848
36758
71556
23001
29045
90126
8708
39835
47022
24513
14288
67423
59915
54679
26608
89160
18926
71390
43061
52984
72064
95955
18521
44562
42768
43802
20003
21439
53713
29833
69936
35872
13784
20336
52710
66904
96005
1575
97928
69936
25401
88185
85033
84718
77270
76460
54731
94990
92856
9701
46600
46292
3871
67858
11946
10738
87993
77915
45243
84346
72470
52663
84955
28284
2418
99569
37109
90660
9871
57312
58789
70164
66078
85048
45739
66022
19593
18455
36479
1238
46575
25848
24912
78205
62121
17302
96882
63959
55879
35728
69879
19368
88898
50062
99753
29090
45206
51969
91604
47998
9242
86664
17612
47502
22012
91840
65014
28090
96764
13143
87895
88038
72648
50741
69721
45882
22664
77813
83234
34116
6728
11325
66002
55386
46511
55146
2581
37561
31732
80341
9181
27878
33799
44515
56992
46129
57846
6104
96736
1610
67435
38764
63268
83276
58674
5952
68012
91548
94269
67877
71147
6427
14277
56725
20952
98513
18249
97816
90149
54958
974
25530
47471
84373
4001
56129
19276
90679
97579
83103
89309
72725
88057
23740
77891
59425
78134
88349
72722
90453
8403
58186
61263
40712
16839
64609
25409
67109
30208
98755
55719
49810
65484
65082
6
61779
16281
85884
65098
99578
97382
79887
48651
96923
62356
7192
97025
35502
76465
56912
85455
17113
94305
7455
34507
66341
90371
18326
92187
65781
81614
40184
39562
4526
84123
47839
74308
69540
26527
25425
68710
73524
92197
69212
38893
37192
42545
43223
16813
49342
55555
17453
10010
77328
59527
9358
30772
32979
38634
24671
25973
53082
93785
86806
92368
70338
18713
86409
26906
33053
94494
65172
75601
74615
61081
26768
64873
90345
62401
20819
65971
2344
30570
75587
15701
44741
72039
83697
97205
17334
87800
37800
45501
96803
62195
28438
14291
30667
73324
8309
40113
42897
90484
74004
52805
91306
9012
76956
30552
29581
95344
66320
48036
63446
85583
15210
23710
53449
59432
95824
49984
79596
36808
95467
86324
2601
95298
68717
8783
30612
61830
26136
24996
96393
45317
68586
35536
21146
20583
64895
99968
16386
15391
48412
20715
54483
69715
74028
9558
70103
8033
44899
81198
41781
45327
70608
30785
64565
24007
35361
42375
18372
83398
19513
91230
98785
85806
6879
42114
89021
37185
99970
43502
84449
70627
84614
41303
29357
22104
64639
55119
81164
98377
55343
63560
79972
95159
13556
43196
58887
19230
830
95365
73021
69714
9817
43171
95693
9466
42871
36381
68613
39272
9794
93461
11987
87472
7876
84347
30971
79666
52669
29368
17469
83912
3713
79514
64702
11076
39526
86030
19472
37894
2289
51988
72528
29879
69271
64593
72463
54839
21049
57723
71209
4976
63657
30228
66887
92731
20324
35969
40761
30645
49128
58106
32185
84221
80456
19550
63885
36036
57740
23600
33524
51482
50372
87550
72563
58183
10306
86318
55276
95637
30169
84382
24201
40021
44906
89742
88173
82837
77195
75204
49345
76338
97692
63610
89872
30432
34656
65763
1309
8071
83369
83388
4491
85841
37523
5259
20520
59453
70572
17302
95955
61839
38078
11837
34664
49159
35789
67486
20429
43202
74153
38299
61698
36038
558
64814
94004
57342
1364
4248
1834
61192
81530
79912
1558
5187
62141
80189
38757
98220
32621
12328
25444
76522
92707
56143
51935
42170
49185
19506
26357
30338
75200
81795
59290
93696
69214
394
20588
6278
56957
29633
84195
67220
40062
95644
90585
376
73563
16171
21518
42511
46801
79359
82137
46454
10648
34389
80980
84117
52687
19251
27329
24726
55123
37755
467
19414
48983
5599
6301
90700
12706
38985
55670
72960
82811
95936
26676
11153
58904
12333
15813
94883
86846
82218
22871
92892
55169
48663
90133
53820
6554
35043
24517
7994
64078
44009
80296
6302
32423
27616
2670
41749
84032
32559
98594
40958
99578
26152
46680
37891
62865
43704
74396
52302
64972
40599
32379
52988
7861
23132
58675
53889
12885
84187
8066
33984
45849
63860
75096
47448
37713
78526
28980
43420
30750
3054
72072
45418
64649
48793
2162
21917
81614
78177
42970
22747
47118
35215
57703
24138
22626
78440
58528
72902
80902
75332
7020
8200
28042
43167
22225
232
13514
96371
60438
44564
87982
86581
8738
47894
35383
43315
63674
71022
80782
919
57755
95337
74538
97813
26270
84638
6088
96183
13458
68490
32158
38341
75127
60604
52135
83708
99610
87716
64876
38107
96279
16521
80166
68371
34307
18904
62868
25199
31779
71128
47184
26973
61285
95031
80301
61274
41142
75912
25789
65690
90504
44868
96638
90986
90301
89807
19289
65375
15080
14847
56804
4234
18781
28578
89097
79412
19333
50738
61799
34447
25744
29982
78060
11067
82341
82904
7463
4098
68790
95754
9549
16130
93893
16652
68902
57204
39471
62405
89349
14221
53784
59179
92594
36503
4201
80443
43179
99270
27968
96128
45190
93516
8287
45989
1635
27884
37608
54141
79303
49524
35434
31931
25408
88677
34112
8437
9760
86469
48384
68452
45374
51970
82528
24743
42495
81033
14056
39752
46635
79212
26870
62590
61703
42673
50233
46052
96599
58306
13825
41496
10245
33362
82089
48790
8072
78492
25402
89437
68773
88944
76914
79115
37860
56467
53075
15829
47834
75643
57097
53345
70774
96244
5145
36790
64992
72409
12298
90225
78541
44839
65453
24072
8219
36501
40945
61916
60721
21734
24893
32564
46062
4238
91911
84194
93162
2917
8336
70996
54947
4850
93341
31105
25514
59198
38184
33953
96653
76926
5398
9829
33140
46709
20561
47576
21435
28199
5857
46479
47508
41828
87488
74632
29550
67116
78182
81813
41536
60583
54926
55688
5820
33148
18187
59185
17517
54601
50667
50764
87947
1029
99107
44781
18001
56425
46303
81747
62893
73147
25781
38366
84804
90081
707
28209
79681
54766
13027
98202
8883
50102
41400
11598
7655
99369
38986
40066
27060
97090
41084
11307
30075
575
38439
17755
93016
40542
1293
67328
71928
55205
35730
1246
41310
80088
81372
11117
40527
27283
19220
89977
39824
42040
36654
87447
40361
68297
94261
6217
67559
17975
1727
15500
7946
75918
92748
20603
62218
14242
22652
48468
64405
30984
8660
59757
18840
59568
7368
35474
19220
24987
68432
45195
30973
66503
29355
22457
82205
28337
66014
75226
48418
66217
45227
77611
37668
5586
9163
88383
29854
62083
51844
69531
31063
85814
17298
8450
17507
88386
8414
71025
383
9516
97843
87308
5047
44734
94776
49807
27408
46199
79069
79257
80782
32378
57853
67555
64048
88211
79772
19749
55600
90363
55069
8660
4742
23350
66537
95510
37905
71706
67539
53390
77183
27365
45867
99726
24050
7442
8672
22748
26231
76847
19347
52300
18183
23476
27648
48826
53696
12867
65958
84182
19640
62895
4056
44566
12186
16361
69119
15237
54801
86255
56757
52274
84659
17418
82215
19989
39240
99053
43350
34191
13120
72014
22351
83885
94004
14359
53814
2187
44587
27066
45231
89721
97624
20585
37845
52591
56560
58657
39745
32486
64431
28937
52630
2055
84471
23109
79430
65247
36376
4387
2129
6762
61785
64942
2442
8656
92692
23395
24032
77720
92955
15526
62335
29676
35747
9990
97696
77141
709
11642
728
90331
14216
9905
30265
64597
45917
75805
53894
71624
82913
14627
36334
18063
45163
64059
30872
96581
39193
20424
40942
52189
66987
1070
71663
28680
89255
51958
2241
73651
18535
81848
46156
19375
33131
70010
22963
38052
3179
85415
105
81434
14072
77747
30606
1522
30347
76135
83707
75874
58411
68709
39080
37504
46067
10111
43026
50468
54532
84958
99614
11344
6726
63449
88917
66405
19365
48915
43670
86233
79049
1364
29535
97977
35112
94098
69663
2161
57617
41412
7901
14201
53137
31528
79024
63206
77947
79616
69874
81826
36996
98205
51356
38974
28037
73316
12849
98179
38609
97205
10077
43726
56406
78624
13671
56017
18385
78597
95079
95575
82975
20712
69089
99251
49324
57380
79705
74290
5580
90691
10026
5297
93006
28499
34680
35863
52024
84923
22328
57885
59351
95205
30739
13892
4863
13348
88596
81308
41928
90240
52810
74727
84234
72837
16266
32063
48955
41412
56181
16091
75946
40611
90740
26237
30134
90837
4556
493
62790
73549
9008
32022
31479
14598
75840
48420
85204
97588
68616
18505
8506
93164
49610
42863
61520
78111
68429
16502
87621
40103
70480
12765
7636
72492
33980
72266
96348
83204
90790
34831
50379
53606
50211
8432
35692
43708
49516
32374
59333
81400
71716
66431
54678
81936
38858
32533
1374
38628
83904
93503
26378
24826
15532
1981
79633
55572
16541
4599
76792
45466
81465
74695
55636
51302
72139
42802
13069
17978
33803
69098
726
31871
70271
37787
92442
54586
73322
63950
5611
80959
64894
65590
95447
9972
55456
37207
31414
9120
69068
83479
44679
39701
64189
98179
88091
14934
17474
15926
49050
17236
11904
25391
61514
36848
48141
88633
19225
62464
59060
95510
19976
60376
94931
93363
92216
82263
68099
7019
17102
99207
46621
54480
6152
50998
44522
98787
61057
70517
23316
53883
19080
2914
34441
50944
36841
6922
81926
84085
83550
13688
19163
26605
38649
99583
91031
79105
28890
35607
76821
74095
30876
12566
96729
64839
14869
31682
57833
94068
41022
64750
48505
23501
90691
42413
20329
53733
24757
59412
46555
84187
7775
32575
4760
88914
90778
27104
35795
87171
52284
49903
62920
39924
55999
74858
95060
9348
92873
14108
85220
92208
9229
37617
54808
18479
13746
63613
45761
72662
68870
90370
24684
59110
3625
77758
16607
94646
6363
88890
23606
24310
24711
56081
2339
35542
66924
3066
67912
15074
23143
60603
7824
35455
15236
41859
71693
75588
54563
88761
26438
67795
55835
83261
62706
44390
86282
34184
16707
21514
85507
38011
2699
81418
53547
71288
24268
52298
99542
92957
35906
55527
12888
81514
42257
72800
28055
16689
80764
83336
18028
86519
55091
81813
52882
8788
56557
65803
82027
58804
55080
5624
91317
92268
53712
90009
9962
21121
5395
24203
19145
92452
48249
70423
38871
40169
31787
87888
31268
75513
36170
57834
47097
18741
26550
44957
89334
34547
32629
80844
54391
48783
17360
32073
43621
86530
64122
14603
48953
23260
55538
13998
36962
64476
5043
17832
82512
77449
47843
8439
63066
70615
15535
51771
71201
83105
81656
77359
72435
774
2323
9193
37459
26238
98498
53877
38333
81581
94100
40419
94108
37894
71589
84568
61004
63872
30441
66855
88009
43230
16992
41103
43700
93358
59400
27350
32254
89256
60440
24819
64529
87160
46792
73086
41246
73593
68418
12367
5191
40988
7586
32062
37791
2184
3630
93424
12419
43691
33760
7232
68850
13051
18548
97238
81964
71047
78553
780
49871
23967
983
29498
69311
32689
36180
1157
58717
41749
42438
21793
14322
42157
21747
62900
20202
62530
58843
44333
97136
76021
5513
56846
32405
72760
44803
67163
85067
2916
13296
81095
85949
67157
52329
53792
27279
75033
49639
11304
49778
27790
27464
41128
99835
15076
23453
16336
37046
4001
5256
36517
75893
58526
25313
8096
64847
18169
197
68459
32301
34227
10125
16577
67932
43205
38500
89737
47038
25249
8208
95322
71419
89757
60211
39551
90226
80541
93931
26535
20316
68473
71264
51748
99758
8676
1807
29168
97655
20668
18861
12383
99223
36039
67367
78149
55850
86381
29528
95375
67932
58183
30752
65186
14058
53762
15166
80065
48714
75535
55698
72432
95989
16178
46212
95987
81943
7621
15286
41444
56362
60126
8991
16658
73354
10879
64746
82233
68462
52207
32032
47158
45499
51729
2192
13874
69147
55026
58669
19296
76080
4755
88750
25932
325
97394
18236
65306
1959
71106
86823
39878
12785
28138
86592
77950
54571
85854
23412
99806
91323
63725
40315
28352
76153
93839
5279
26058
63686
92645
98601
6223
79090
37668
64323
29811
6681
40998
56027
24217
85241
61740
6809
72591
62910
35394
51433
40970
17148
1797
39809
58022
77211
57447
63955
60180
24985
85087
58587
87467
39629
62895
16929
56496
72370
98298
48044
48791
17303
57679
56377
38631
78780
96736
92961
57436
6362
80762
63271
94253
46934
48809
27611
20852
96430
1735
67189
97601
84948
56566
19209
14186
60843
40573
5127
51061
21233
68570
52704
77508
30362
40346
95836
69875
27325
11241
25944
48012
18694
40592
30655
25244
86617
74216
91175
51642
93193
54450
77900
60859
79161
548
73867
29348
85026
98627
71809
74696
72497
66406
35279
82098
48648
46842
11303
55148
77272
4206
70954
41798
49629
34915
68608
27729
13644
46155
92732
5035
40857
98604
91832
84525
51936
8673
49047
59747
84510
3608
68850
7828
57175
61192
66321
50886
22971
70116
43479
74509
57636
94946
40540
70093
73071
79535
71616
89483
27528
69599
82221
53772
63276
22553
92619
39615
28593
99704
31040
31638
88215
95582
48898
72354
25327
26318
86682
76804
3041
40603
80939
35981
77036
22477
78780
6785
54266
60329
29841
99867
48547
52977
38271
86180
67915
93349
75375
32361
46603
60597
2783
22990
95644
6765
42999
95866
56369
27381
6475
6969
47609
64262
5479
84568
72094
48657
57782
86164
70100
30539
55709
61870
42292
54091
17613
9016
30293
58116
44027
28213
55270
68326
57056
8777
78186
21500
77465
63769
3080
83871
47796
41661
78642
22726
41615
33848
69348
27891
25785
6678
22961
68315
66655
4473
38403
96179
20904
38335
47530
98831
35577
58998
60854
41509
61034
88422
73633
74038
79516
93842
72129
75681
56602
49818
34057
87450
48300
6073
90618
56233
93519
17725
46716
86572
98047
16948
32778
12032
69397
53768
17321
77805
98612
59911
77870
89451
39076
22213
29292
54028
14047
1713
64061
7149
43109
11620
68520
24153
50594
15744
3483
42389
8831
25634
25219
15271
84817
3096
53987
89640
15390
36524
90807
95304
71118
67750
66839
92510
36701
65498
33030
91480
21987
19686
39979
86330
46425
94948
28951
50013
56254
55508
63832
44977
79828
39727
39042
70204
81542
70555
78677
1087
31512
4181
51560
68277
63948
23305
3132
59167
12714
24886
40307
53806
70343
23890
10240
57565
85872
88351
16846
33425
35700
18703
11127
5560
99390
97213
70572
12118
60616
76384
26806
58368
56361
41792
85851
1632
52086
20029
86984
71897
57718
71891
22645
74977
38192
49304
77256
93620
13070
47373
61551
32302
81626
62563
61416
92603
42711
61642
98911
95039
74359
95629
99057
17820
31256
93825
57284
10519
23485
53125
92895
19419
38323
12932
70442
31882
98237
21115
1815
42755
25140
60231
33092
91260
184
74734
8314
95587
59837
53516
25195
56111
92127
18023
7385
6956
50553
59844
92538
38243
84315
46289
44412
13382
51132
19725
30312
36
98220
5168
12354
54878
81618
47350
74082
91840
34036
48271
28341
80979
24009
81517
63414
23071
35122
33511
86851
13230
77142
26680
48453
95310
44893
47028
50832
85124
71062
85729
88626
83832
27328
53481
60832
79913
16478
18132
64474
2264
52629
90024
5251
18319
4093
32042
70689
8068
50744
74673
75233
27416
4286
73203
95081
5886
45184
55557
5656
30800
36124
47700
67628
1617
61216
55181
50441
18643
91650
29040
94071
19062
11591
778
71041
52428
88857
95202
20617
27100
78263
49221
14275
45947
69702
13558
37118
75626
7149
60239
33643
27519
64122
98653
2696
5443
51944
10417
98788
14392
18429
27722
44233
95566
21168
54111
25323
91922
75565
19530
25046
17464
74712
60866
76356
32412
50318
45101
6894
46039
28096
94954
94972
18136
27224
38654
46101
37765
74126
96850
58255
98402
83683
24481
55255
23742
74443
92905
99466
96163
60605
10561
18816
99253
1560
58164
35271
39913
17566
9282
78267
76867
20875
6693
48384
88910
24420
3355
35630
83977
72352
6190
58065
62712
79344
72142
30047
21315
56726
90972
13241
26435
40262
33146
26382
53288
28530
36387
63841
64480
58804
34939
36066
44467
24320
79513
23505
32801
47072
34658
77381
42810
12840
22997
32473
84071
13945
23336
79447
55741
52772
52220
60537
81957
24879
48911
71999
50458
45035
33885
38889
71422
73994
87983
47872
1797
88638
5068
62196
92808
79837
22255
74840
43055
58453
90349
78519
31291
66876
23746
3524
7912
22442
58501
21989
73020
79788
81415
10981
83353
38057
16131
32503
84232
80339
59013
72446
77258
93706
33778
69813
55935
55368
77675
37229
20040
33587
5292
12134
98663
13335
35844
94447
60693
40624
47038
56581
75715
16494
62241
70738
83207
60285
62
74827
23369
12287
27099
47244
98101
1223
40859
16663
65862
90065
90094
37137
81862
28465
60902
86579
17531
5283
91436
84218
32746
19694
7454
83581
59098
66096
45923
93324
36349
42935
27227
42763
74046
50589
68525
17408
54473
57151
60900
51819
46293
41026
26064
9946
14447
65637
21562
54060
30975
95526
69826
62628
8728
42495
139
51929
76818
23312
28584
7259
79371
74268
4115
66243
78096
54028
33426
5834
32038
67323
22938
18700
73403
27416
89080
98428
36027
73548
16008
2703
26288
42840
68068
57945
24554
84057
55715
30119
26209
35821
28965
78230
43488
24679
36869
60086
8320
77359
96209
36045
8179
57135
70417
20881
33694
34534
45333
77326
46164
95472
22408
46736
50881
6156
11225
52027
41292
2882
28749
38440
57257
94845
66920
75510
990
86834
12286
99911
39681
65053
21708
82490
48546
66439
71278
98750
50783
87088
53686
65770
86478
34125
30439
48371
37722
81423
32575
50794
75670
42067
98382
72339
17254
97558
97390
98182
37971
97320
48183
96390
19431
46456
32382
48408
44416
3234
11384
94505
96748
68069
38708
72297
73549
43155
30204
29170
50690
3988
80093
69223
47905
63765
60935
15675
88049
43592
62814
25055
92689
66252
76067
74349
1935
16079
32896
35303
27554
79623
5206
63071
39720
94974
26428
92703
82635
82027
72906
38034
10681
61967
19698
68206
35348
70437
97362
99186
93653
75525
52713
25840
79524
68767
44411
50834
43094
43645
95520
7302
10270
16452
8645
67967
17881
85464
21889
90043
42015
21305
98442
77203
69959
68913
38777
93045
41606
97084
1731
94196
17078
54105
28772
66373
60014
46065
53151
74022
90182
38748
59116
42171
41268
26581
19930
167
69213
15463
35925
70202
93756
65677
46092
40464
11780
32240
70603
77591
78268
54278
81986
97374
41739
45977
25517
83888
88460
94450
82077
14728
19630
53062
82116
30286
13476
30267
42897
58622
59813
10521
18903
38938
58250
89091
84691
43693
57263
96481
93588
28870
60670
87362
55804
59369
14943
57222
29429
32233
38314
50700
9229
30807
83844
48580
23816
1943
81532
41544
77693
46567
36783
9758
97789
56936
1345
1005
77486
51493
88949
83633
1647
38385
49635
24183
32573
89682
11339
12266
32880
42760
81159
22412
11303
20419
92859
77016
80007
82000
91507
6832
59219
28924
63074
94880
63008
12737
63354
88356
18477
47746
69840
4557
76498
18663
65397
46299
48151
18339
55300
9437
71399
66957
64760
3648
47558
89238
51527
64314
76491
73801
81831
27607
12401
37286
88349
17787
39132
43663
29081
52714
80042
83173
73775
14794
20325
16712
27942
44139
37616
807
64361
71139
13723
10547
52021
68897
29826
44095
18227
12240
52397
37728
95244
81291
65009
31459
69017
71057
48648
95550
28647
69598
51313
76251
32650
54787
75282
87211
15850
25148
53365
35370
83867
72460
23702
69667
1461
94977
97175
30153
10864
64786
64118
18329
57686
47541
60451
17746
21631
75735
68832
42789
84010
85395
52122
11940
10328
11492
69104
92512
78546
61628
71333
63336
56859
24110
87286
35081
89651
47837
26970
65324
69428
31694
53526
99753
84397
55580
98099
82252
75337
74855
86755
21729
20049
61098
86674
10071
1539
44958
1084
61489
79836
8103
81367
17478
23158
383
70163
84139
86680
96601
27466
59725
10379
66455
93754
50556
79746
82387
60399
333
36283
25161
41888
65438
38638
98264
12971
50741
13527
657
91973
27451
33408
80487
6108
55486
12507
23205
54252
98903
4550
48526
7386
65963
49961
82584
86682
19897
