48537
1644
35538
51345
31810
26186
21640
45036
42458
37641
61640
94950
46913
57780
516
7263
82557
16217
3582
30375
92781
46652
84866
61058
9684
32898
61363
28012
13876
66528
82197
94364
49549
57569
15803
16789
78615
6650
7290
9078
9397
20983
95461
57993
41389
52729
79726
34516
69761
67566
85878
14151
48099
22556
81370
24612
66040
53283
19583
79133
46875
96680
72800
73885
17291
78590
73930
81751
5515
65205
87969
86186
22259
26558
80532
97122
76479
86196
37527
55308
67123
55110
34751
4075
16733
78574
58584
65386
26693
4166
77758
97540
27966
74448
66484
47469
72402
17859
78738
56549
46250
62874
3625
71254
38146
15023
95716
60014
72632
73438
16192
20290
2781
64433
70792
74085
11184
99848
29127
39111
80569
75720
61809
1110
10402
13266
12846
62875
70703
60413
39033
44352
30829
15584
67616
69958
8203
97423
77496
17796
56795
36613
83770
17968
21670
63620
79883
7574
50344
88913
13030
18635
86284
1359
69568
57505
82711
31695
68609
6934
19791
94427
69390
80480
72922
25719
28882
88860
10551
47974
73764
42970
36205
3226
84205
65523
39438
15860
55721
95599
24724
75338
65175
40261
27185
75152
66472
43456
67787
97116
92628
15853
65711
80885
6957
10208
99991
18640
92316
73203
55917
72160
40427
16068
93852
54770
21505
48507
41441
20443
36950
13889
63064
91371
28746
10526
26840
5715
39099
74712
33518
80038
78375
69709
26554
26174
47546
83196
56781
6147
12992
82427
23731
93117
84399
1732
66216
863
25277
50926
36902
73738
16237
89217
97282
85435
38745
40454
40545
69053
32006
27808
29034
93983
60077
13628
50539
96272
48230
8903
38646
49230
94872
32492
96909
1642
79940
15040
45758
36250
76452
38735
53226
9
97847
35889
18276
86984
97143
61707
73848
42766
59328
11204
6967
13809
22930
28540
43052
12977
95590
77187
64526
87556
14497
32108
4610
23452
54949
59383
25072
41077
24635
98396
21605
76461
14436
28263
88591
41480
47319
8660
63152
79798
97172
62081
19451
56365
74940
5852
1408
70126
25445
74334
85648
67726
91750
4036
10541
43283
90181
36936
12005
34424
2514
52540
41037
73832
42886
97627
78634
36048
78782
80626
62597
39185
65663
30423
91349
43055
4400
34652
46992
80237
38034
93428
39953
39270
22911
63304
70226
45544
4555
27631
89153
35443
2887
71485
71490
82054
90047
24091
88840
15976
26725
94914
84710
67691
9369
65080
89139
61532
88016
38881
54776
77121
67261
88376
74511
20920
90628
14378
74511
6546
29043
40563
7713
91482
52339
77839
80097
14881
20891
18178
28223
48372
58081
72512
8665
88346
72501
96682
37702
16446
97386
93311
54764
21969
89162
19205
49886
74961
39929
50439
746
87646
77954
85329
38467
4938
1014
621
93183
30937
80072
23120
6694
72931
79090
98709
79720
6120
62620
32326
54742
39817
86702
6107
19566
29044
62098
86972
67234
85057
93897
16052
15818
18662
35652
63560
37490
74357
95565
10434
81435
99113
37389
43182
43497
7433
78047
46672
31984
42617
35935
48325
4829
48271
30239
56470
7037
98806
66505
59883
16363
4790
5603
15362
29411
3345
94344
38269
51922
98613
16198
43328
59259
9032
50383
1619
