75494
78333
56003
32013
66419
68993
41320
7846
36097
6719
21280
88358
77819
39320
40696
14995
45278
68678
45824
39654
34668
14974
88486
36062
98917
57609
99103
77774
30230
62677
78519
90241
65858
67448
6673
59975
866
41215
91236
77613
8347
31985
24040
78316
18536
88187
68395
99885
38312
15955
87209
90203
33513
39927
93759
75064
70545
39805
89901
99510
23053
9440
11239
88280
21431
91873
46069
65394
9705
39101
3656
34074
36378
69384
15636
54448
80691
72829
35550
94383
899
30276
58520
75024
90710
99275
91347
69199
65040
95457
60049
14075
36406
10515
82409
97388
9203
56937
86883
28513
34176
50323
70074
71003
99295
85359
1580
50973
61725
32690
21882
39529
59357
95206
20688
32103
76829
17410
21124
86450
4474
97364
48039
27639
76848
76050
14833
90261
30749
11228
81829
9813
40876
89446
26884
71069
91118
65093
9063
49361
87854
61476
25733
57491
60413
96072
4135
45596
61291
85288
25685
8770
43551
7055
70263
82148
60259
20158
36450
45524
25883
54607
36396
85236
36669
4647
17257
2746
41051
44207
19480
32801
13312
37832
30394
32803
33897
63768
44972
45172
90130
40964
69614
90004
59135
48512
84363
87294
43568
91884
87764
60156
26344
96497
12208
35191
16127
2594
4732
93187
93489
49145
5720
22631
28739
78611
28330
97565
11499
82077
47675
97950
13775
49291
14851
45579
77594
51567
57856
82201
42376
612
2547
68354
36952
52663
45748
15834
22085
72248
77226
90835
34215
20356
44282
86728
87841
48319
35511
96654
18805
20652
19557
46046
76101
72202
61796
15573
57816
22792
46870
8698
75606
46910
97458
81628
69990
8775
36196
41112
9755
73367
35222
60840
34062
83830
90480
21327
78578
31632
21757
50158
54864
49947
57685
63208
19770
50982
8718
67109
45987
69359
32118
97036
64537
52108
3950
71644
60087
92077
32463
84811
17177
89826
48550
69602
85016
15855
46664
57628
52506
57469
39987
54328
6351
18986
60756
99150
87378
63569
79539
78759
82701
13104
63326
43547
97312
66956
28599
42787
13131
78615
71648
48643
86535
11803
97102
92385
88007
44193
63775
77047
63603
61480
81216
73773
22055
68322
37355
64620
81975
75807
88872
64054
34589
42966
57973
65437
88520
79180
81131
18727
23611
44588
50733
53108
50052
92639
79187
68249
14145
73414
72254
77711
3682
9224
31783
93675
30597
58570
83277
80247
83022
13363
29456
98545
78945
97059
51748
93157
53283
70400
98098
81728
31809
67101
64340
50003
15577
32345
93023
59138
74369
73077
62380
78757
81207
52075
82815
94001
59221
87157
63279
8552
24854
27327
57794
11389
74321
78922
87357
38946
38165
31183
1661
74871
96270
5679
11871
60102
27858
12311
72486
58170
15451
65600
90076
96323
70076
88602
74761
34260
46682
50404
6983
56674
96750
39117
42
54793
5852
19213
78793
17852
55437
51234
61684
1279
81907
10082
56048
77139
94794
95699
17669
44500
68748
90211
7029
43096
45158
65357
27957
95801
72740
37003
93904
41484
85456
48206
90629
7535
65826
18920
86385
65203
54059
7302
36562
67780
97909
54213
93771
46802
15842
94374
95788
87520
31709
26388
90928
70126
75983
42112
64366
50922
24342
2891
5110
39297
95515
60870
99042
54245
92120
55002
31275
26093
32511
86246
70291
39824
78827
63551
38303
6208
67407
17209
83663
18424
13950
16305
1639
36286
18442
22876
17801
43998
76811
16252
54857
39518
68078
49330
65209
74042
62660
67702
49954
17041
1644
42987
17384
35173
67565
37792
68740
63836
37997
48961
34919
98390
31582
33220
70337
38824
35641
37405
60046
61140
59773
79516
50623
64927
97465
62130
86817
5355
7850
5958
19360
92077
74026
58953
22477
53314
18343
41563
56671
88388
56246
20988
57806
9226
7923
84650
13651
25357
40500
35283
37878
28102
33900
70787
18906
6815
68444
91622
10870
25639
68230
30664
73882
63372
99943
88251
26462
73086
74385
98769
48057
90163
27479
52259
83527
42765
34952
88982
81164
96212
55857
45298
70904
61061
80698
71640
62377
76891
67762
72546
43308
30668
27872
96481
95868
83240
94934
99867
68977
49455
37081
76845
74610
96383
34786
36411
78024
91467
68428
27813
46294
47618
57040
52903
77552
12703
39197
42759
33661
39794
88225
72190
31361
39506
21846
98588
81784
61083
93114
52671
30414
64174
26614
88385
98985
83166
24116
11220
91318
97416
60545
44768
94210
40858
97647
34721
36803
2676
94290
98727
24777
40010
4801
85994
5980
55971
91581
80557
95080
21666
8183
64497
79376
66705
65770
17129
59459
39673
26699
93176
79614
91482
72257
40569
14919
74598
37932
8292
57762
77741
45906
10785
96200
16858
75416
25927
15578
48387
80435
5422
57330
57750
92884
10531
98443
7555
39117
43523
79051
74206
5527
6166
32777
85956
21390
28140
82043
83745
85766
85289
82927
5619
41290
40094
25462
38846
89619
83565
78163
3729
63248
70036
38582
48042
94341
24563
28954
33788
116
872
260
96547
37168
95085
20016
94042
74971
51999
68245
80751
5299
10274
10213
59165
23601
55582
861
71582
30725
44808
47915
36820
7282
6759
42535
35455
45230
49539
14506
87992
69939
12505
9481
25780
30305
84833
16254
93371
90285
83691
42662
65607
44550
11063
32347
90902
24051
37706
76867
29598
85746
31176
21581
1917
1388
75558
91926
42053
83034
36303
82422
58532
1308
42914
88327
51023
7685
86116
39685
86987
38984
1877
99753
48353
27538
49353
7698
16755
13705
19312
33092
4912
41753
74082
82982
88173
65655
41517
67925
14704
22447
66147
9862
68169
17415
75036
50120
15858
99719
43210
99720
46788
87143
57992
27564
4119
57134
32423
17068
36941
63732
19844
95087
77949
56762
3859
61745
52703
74224
30490
16935
73339
85836
89960
36325
47139
7093
4310
26609
25840
91606
34701
82336
12644
77009
73696
86962
52393
57126
91973
23920
57329
58122
98412
49661
83013
90924
78766
84505
85093
18286
68469
77438
75145
35875
83401
34814
55792
59912
17169
44894
40092
57998
50387
60405
2016
81297
17100
36105
81111
18672
83828
57377
97344
63782
51411
60770
38474
92181
91854
25221
25426
31999
14828
40964
39580
11258
30616
78632
71198
7752
25040
84936
22820
73196
41790
66751
37158
43494
41531
61600
44837
54723
55971
55828
42820
43593
48038
2408
86174
75873
34563
36348
86292
31097
58687
24851
53848
39869
98476
68183
53016
12629
4789
27309
16371
73038
88482
81123
41414
41350
6808
4396
72197
42337
9115
42845
98304
51326
32832
69485
35325
30427
43837
81828
23500
37946
76399
89540
58734
14870
32883
3923
16635
86843
45997
71971
98421
20554
72976
65341
3207
61164
73834
18946
75442
99066
52644
15484
20778
96980
95301
97213
84818
47065
48527
55689
33404
43366
75504
27479
91484
68038
96227
87228
9924
15025
95274
8979
9358
8167
46780
28836
7840
48137
78181
13176
14038
22208
47404
64257
32871
92579
30249
55799
44712
70033
19252
49120
56225
62692
57362
72322
88700
2397
86168
83444
23733
20170
29297
56084
52532
9105
8631
11264
31263
16562
50923
48152
20541
64650
11077
40463
69079
13822
77197
11092
38177
48881
19747
51381
66775
90018
85934
72803
6013
39430
72478
65769
97882
44544
19768
92894
3515
53342
3353
55377
91072
57554
89860
36973
29282
87062
16073
7473
41040
35766
74261
57427
68553
62225
42860
82450
78426
67255
47601
36935
45976
7298
58846
68840
56521
70449
98417
96170
80595
94318
71128
34918
76784
1520
30208
6460
48834
67379
93342
60788
13278
54971
43789
81154
44699
18885
57553
98791
49383
96704
52203
18627
40614
1290
69266
35401
23984
33838
10264
96486
62039
48734
94054
81546
86514
82135
88033
44736
66072
1174
59266
41431
76983
72264
2446
60841
9987
83076
33678
15380
79266
22936
89444
31964
81067
93653
72588
3867
48832
68160
90436
42136
31472
65292
21349
82288
31914
29812
5114
77301
73198
98225
62376
81213
94322
3239
74451
73990
47637
70505
98871
84053
36345
42478
16897
32167
72505
70046
24645
71846
71677
36227
39279
74527
95629
75863
4901
68774
11030
15635
13545
73160
56774
26871
82114
70675
92616
43026
69462
84186
87792
31267
91802
48156
46493
79917
70598
74122
40711
46476
21190
84683
74050
44646
61827
96874
33869
37847
27982
22476
93343
78588
52334
1055
595
96861
30237
86718
67620
69190
91991
61652
36904
39335
26266
10376
53773
98283
7770
225
4307
72774
52106
78321
22511
58299
6464
80776
49349
39498
5490
30482
94012
20591
50980
90119
70857
95600
57754
64251
98447
8248
31522
72172
7518
65254
96994
98436
32068
41488
34418
30048
88819
85817
38757
1789
32413
84825
27554
91694
1224
97178
52946
7432
23404
21614
70756
90159
93880
38558
61861
7784
32279
38026
39386
67660
38078
46398
67601
88643
18615
86131
11287
99028
95141
30080
58138
78429
45787
36322
23858
44257
54318
40323
2514
10545
56915
67923
80689
85910
60079
6260
82812
19213
76872
20091
77798
27408
40621
57225
28575
93369
20345
806
54227
22281
64197
98955
49384
82402
48643
5089
99128
3507
62194
6806
38746
95517
92772
9179
48530
20897
13215
83504
54915
56401
60800
70386
21643
29508
88277
73371
2935
61019
52545
99272
31916
31921
80288
57760
55750
74361
15160
11821
88323
28814
49713
92290
28315
81893
9997
61903
73861
66335
83622
17895
77325
78702
63007
70561
71017
65416
8177
2817
67225
28666
65185
94926
61197
48286
87404
82943
11943
71258
57616
15022
46630
79718
58472
96057
5213
46882
23947
96046
32745
84548
59124
58524
66070
9677
29617
88283
26211
1902
81249
99158
68871
30977
99816
65237
9175
7617
54545
92624
62820
71833
62807
75894
64994
42614
46580
37789
33257
3239
75019
21286
65697
24778
5753
81243
58345
88190
40713
22877
79175
73035
80184
7321
72447
15638
62951
14622
25996
26956
84027
6817
75148
52732
95755
9619
73540
92774
60909
92400
68167
37373
22070
29835
57352
28482
77316
22360
21941
17246
33166
76550
16869
5447
69338
63428
87988
90286
43951
14717
64897
93991
53564
69429
62526
39421
7309
6780
65651
66670
98230
84969
61419
48614
93256
6111
55003
30122
56001
60867
19627
17236
58120
5088
69056
84761
66141
91118
15469
9707
99767
60764
60139
7602
10367
22333
9336
84329
78247
33948
51528
97742
5044
26519
52979
96250
25943
46815
60514
37215
30688
20011
69280
97346
91892
12617
5785
50340
82448
61537
66650
71719
92767
32743
6660
68391
82823
241
20420
78102
17953
86957
56310
21732
15806
36601
96984
70424
25289
7214
7808
7003
86717
93849
36432
1802
35974
66496
80686
33117
91313
82856
89605
90269
12330
80912
94389
37943
16661
94030
90468
17226
79384
31373
12102
53539
24485
58227
75705
24862
33922
51015
44572
47960
71171
94554
6543
13310
95030
25615
36599
83367
59969
10192
86418
16388
76655
80563
6331
53398
579
21961
71727
80859
54387
66430
91159
45329
67886
99771
76427
66351
34430
889
30751
52312
60066
97830
83241
11007
556
42452
86908
46955
96126
82001
59603
15507
44758
22630
23837
80822
6275
90254
86750
77842
43399
11727
66494
37872
72431
88107
13897
92052
54315
9448
89818
87254
88711
52929
12558
77384
15589
86080
68465
11864
63200
67729
45353
73680
92023
13019
54696
22235
65634
59812
8062
65525
97290
19805
2055
7004
74638
25333
93490
20876
91054
51112
92458
89601
94340
38515
89588
83255
58772
65800
24931
68422
10843
20341
43191
69872
72876
54284
36725
42116
35563
13776
65859
1791
39632
4281
12665
56453
80635
88236
42326
8401
71362
87633
8731
15931
42915
47993
57328
36063
78705
44534
87360
859
343
35373
28284
88659
80618
18504
10610
97868
72711
94507
6633
35756
53534
50397
71996
59812
76289
46985
31665
17925
65481
96069
82033
74187
47259
8849
71482
258
24599
22897
25816
90788
13253
26903
90514
44575
28305
39978
94640
93959
34502
30613
97913
90472
26233
34708
18200
31274
22264
49148
16970
38429
23001
56510
84129
62547
36995
26617
4971
70470
48096
16811
28910
32270
95293
72540
95294
46028
52128
604
55485
25226
28733
35671
44033
10111
44271
97499
36299
19723
30514
92389
19739
78200
89422
76182
99028
93638
15541
58059
98008
48512
29182
97420
46387
24068
13631
40045
78670
4546
57133
95095
65501
29863
22249
87874
26543
7375
36383
79523
96260
94594
78826
49449
46800
67472
19649
21183
10177
43266
49149
67514
4820
6079
94553
9734
62294
67069
43794
14550
22963
84258
86081
59539
79972
73132
87356
96777
52007
85211
89593
89287
68284
55802
57400
32150
40016
64035
14456
14810
70691
37162
68927
36371
62294
93001
9277
12346
51590
62138
85677
29713
89276
99053
3375
15686
32813
43440
63014
53515
89202
15096
50555
38615
40016
37842
54494
5944
74277
48168
33344
89949
42968
35171
50320
24526
88379
31894
37850
80476
60902
24920
52476
47452
48650
94090
44769
75995
36810
13984
7197
87436
23152
19214
39228
57294
90384
38236
85196
28150
80823
39937
89287
95759
26133
22444
93477
14918
9245
5764
46924
68108
70077
30738
67137
256
27941
21176
37199
9650
90914
93393
14150
96426
32160
89465
67453
67404
40893
84430
15733
84244
36165
59395
54508
99381
26110
19246
49551
93173
29904
2114
52132
77920
40185
18277
15784
96659
74523
86707
40860
62747
90412
92942
75580
5226
36992
69044
54082
27534
26210
91573
27582
98214
55619
47653
81920
88962
7653
41107
68665
34815
31963
20761
54247
82183
97307
32541
38775
73510
99329
46694
84691
62864
84562
30630
42236
52457
900
86344
12102
45468
59034
61988
4415
23590
11220
91821
83425
88067
14037
11075
63541
5567
65565
10265
25949
91850
69746
84018
91168
52202
8534
18544
96437
11451
35512
40995
23906
88003
38930
71852
10250
51128
44468
47330
70874
56211
39363
85808
67871
15715
30231
52179
63469
3466
27326
28215
42641
69675
81535
90203
57207
28594
75826
56984
24267
71294
75098
17769
4656
7417
55069
96600
67813
33774
45639
28910
19901
87618
84012
91955
31780
23543
54282
38588
80898
38152
6151
56723
13091
93831
91664
69010
38734
38897
3275
62937
33679
59637
1237
42922
96120
39698
78901
22564
77699
83757
18786
45200
6349
31478
87643
53908
77778
50750
62739
47383
21875
17753
46631
88606
40693
57026
41950
42016
66741
88430
89929
43622
76166
79802
43125
75341
47825
13822
83996
729
6576
90765
85014
77539
1702
6502
84788
26849
77477
1640
3731
72862
43502
56114
69914
718
18484
39715
21872
33383
93435
28027
17194
88645
50873
39489
41417
16200
14969
57499
49329
9073
83555
6438
15877
67629
86571
39948
19735
7100
58653
66881
1538
20179
32239
7365
48805
88962
98778
36547
10221
18692
249
50093
13530
55693
46105
3669
9783
67572
11189
90074
98430
72303
18540
52346
25586
60823
5427
7176
52821
95436
84637
6814
62479
99464
80083
82742
10013
67926
21479
41495
42928
17421
40551
7323
83
34862
33309
45862
88253
48298
73006
4452
37413
60941
53637
98150
94011
16422
46123
17850
74441
6705
18177
22008
59660
80622
45010
95995
75362
64068
8140
8297
11427
2859
21349
41786
42249
48003
45813
26884
29776
79928
45310
50376
83214
2958
74106
84591
13868
86421
51939
26021
49855
19150
67551
50265
68497
63510
5328
46018
17359
72159
62787
24018
56535
10099
2269
92684
8227
52339
58510
96591
55491
22776
31455
67642
66009
10505
77348
59974
35467
83042
55341
29486
98598
93939
59713
36819
33735
45362
95400
40847
77960
89578
60237
64837
29657
25632
62328
2996
81781
29727
14976
32303
66653
17979
3035
33703
41095
28468
50341
80295
39302
49400
75735
44312
62778
6822
21028
92374
90625
22785
46869
367
89280
73570
89230
1570
77990
12481
54232
64609
66383
6933
41371
35226
86095
95727
16253
91080
82186
13808
94428
2912
25054
61761
90167
16940
89384
98378
64590
80811
92576
34583
54551
41858
34787
66696
91109
13286
49491
81916
8451
87994
12741
40248
17579
66325
72966
48642
20217
51112
4857
15503
24442
15884
60444
83825
92916
38547
29055
11551
81278
78620
5434
22455
13927
51936
1400
22430
92640
57880
20698
44828
60297
81443
28169
90662
94176
53364
93938
67306
25210
40310
69684
83234
74121
76770
48001
50955
34351
49871
43518
90774
62750
47227
95528
76222
3079
25923
93865
52464
76768
32243
51343
35770
97926
98047
56385
7533
4127
1609
10400
11524
92342
78407
22015
43624
84370
34822
36757
78874
27544
42920
14193
40631
81530
27953
70933
41706
18637
7171
11630
26525
9160
67516
22783
63361
82332
80840
24413
63538
40076
12174
72533
25883
94132
15837
50819
10674
98164
60110
65360
54906
93193
85912
89311
3026
80638
9113
9589
15103
19980
24982
49574
1245
39408
34917
13759
3391
44756
84942
88420
67062
86950
98686
54817
25004
24135
3985
96589
59335
75313
45563
96269
86145
49201
65262
46623
71230
48151
21364
72221
61890
24618
24360
20327
52592
36567
71561
28731
29204
62203
64284
79750
88230
58764
40128
74359
877
60301
8027
51528
94350
29927
95380
17407
5933
42831
5436
76613
23176
90272
97032
79831
45264
75702
4888
93126
84014
43815
65190
8007
84071
46866
20743
80906
8925
13610
43689
52754
67241
85244
87814
46607
7820
30942
62015
17523
36050
91483
85313
58739
53457
88612
15638
12597
66823
38831
64018
76995
16785
32114
61741
13855
61329
14648
49851
66998
77933
79333
67266
94618
27028
22277
761
7018
66686
68667
64105
46666
8473
35234
48868
40431
89632
68608
53188
98418
22046
86509
59264
53002
18452
45584
27345
50019
34895
45482
40810
85775
26981
3004
71118
24698
77367
12565
43967
81603
76331
2879
72008
19225
77166
35674
56684
37158
32936
40652
46754
89142
87710
72853
52938
39785
72011
89386
33620
14046
5841
93588
99211
34406
76928
97481
12952
48820
91922
29255
5036
8097
82284
86351
64050
48143
86305
28758
78981
35926
16864
32191
47461
83624
85881
59579
11265
60323
96318
28585
68293
96195
49465
22796
17654
82576
49858
32768
37364
59278
19901
72576
71381
66093
80026
72394
85469
95520
42724
26766
64641
77242
23277
11098
52736
14751
59321
24284
29754
89328
55109
97777
69414
34114
46970
51885
69255
63755
33980
81133
66546
33889
9452
51554
59475
88977
59545
3764
648
96649
99366
65337
38940
57912
68060
64906
98266
57130
87873
3951
76568
90562
11887
23648
90434
53931
72025
55058
31466
83199
51822
15803
46095
58140
38712
32083
10310
94673
25225
97244
7051
1438
94856
13056
57641
85532
74140
84752
8037
52016
84158
19400
77834
51716
81011
6672
70411
88266
81485
33492
39156
23877
86981
90659
86935
30197
82817
58418
14039
30720
75495
79281
66414
15154
46038
45956
70336
54955
33335
70252
16301
86315
83262
51790
39031
24696
61509
16724
26059
78126
1686
919
62403
47283
72272
11696
34365
21378
22167
36124
35717
39005
71099
94912
47905
1015
68500
1583
98437
22461
41010
44354
23198
99764
91621
75002
86909
1529
26200
7873
62180
53658
95922
42530
85289
36217
43273
63373
60716
39068
2757
68595
45294
62727
37598
29677
72186
74602
64886
27409
27836
89198
36609
36677
74302
28512
14278
51275
30116
35278
87539
95178
92669
65611
89868
88930
50598
42643
57705
77925
94766
76126
5097
64200
6383
3071
81669
42599
16741
88579
37817
12879
95771
49399
15802
18054
98091
89830
83595
42344
713
52639
4205
81134
67581
19374
74506
85741
33418
53717
15279
15846
76594
27441
70323
15315
16549
46151
77012
62064
51395
82861
92341
97488
51932
63219
47415
44493
88770
2182
7857
64905
17050
39037
2725
51212
29665
51597
45344
53890
1120
47519
89316
7656
51250
71026
1127
94414
80700
52200
28172
75395
83841
78911
97752
89342
43557
6711
64550
24381
58224
11369
84742
79734
40497
89060
43608
23802
70704
28569
14955
95728
30453
15930
54859
5502
46274
45093
64688
38374
95343
36419
245
36954
6671
48939
98953
66875
39903
51324
79580
27504
52331
8966
85465
56524
509
54786
86347
90114
3610
91310
21836
56747
77004
67854
99428
2878
46268
87066
4312
71952
20973
64619
48976
36488
72803
39229
77365
71484
16368
29309
15932
79527
46469
56926
78005
52666
1718
67836
23313
58166
39937
60016
79756
7955
86038
57922
5959
42479
54605
13960
88779
42959
80139
3368
10248
94575
27436
41313
80518
72756
85851
68886
43043
79793
10501
39207
71273
8345
50947
20132
67496
97431
19352
11699
2742
20243
68560
91130
58721
95495
66751
35572
85822
67787
12804
21934
52806
23814
36553
4233
30907
56560
16681
96919
23257
87660
4820
43075
84574
59737
29757
31025
91870
28803
83746
47590
68416
127
8074
80153
28856
81273
71227
29409
81525
96464
39377
56686
28731
39993
22014
78450
65358
35294
90924
2653
12441
92558
93784
63051
70393
71429
22823
69520
2566
44632
44798
39804
31313
72126
19603
55083
81214
49762
37242
51598
25735
69221
80592
15355
46657
84001
75173
95813
67234
76719
54892
30280
67848
89507
22134
70572
8870
16552
34218
70225
86229
60399
88418
97745
12972
60159
50012
61020
41880
41403
2470
51550
56252
53151
27740
1407
54730
34244
16560
9606
2972
19592
16273
33739
32442
34681
16858
84395
8589
88057
33696
12244
22557
91426
13520
7201
2139
63839
557
1020
25232
43423
3437
95547
16168
36604
99290
88354
68570
76568
33342
84828
73134
78555
21610
5338
68826
71887
43374
50526
6746
70219
50705
96859
49373
91478
35192
21166
24823
2720
69690
15893
10083
5365
19889
61465
12258
45143
93532
13749
58757
51302
38337
16550
46364
73785
8107
83543
53611
39062
67068
66655
57274
42755
68560
1962
26008
10284
68609
4611
37157
39706
62778
25090
84294
7311
1802
39241
59199
87915
66865
43610
51393
13534
86711
23405
39499
82040
67629
71594
76298
2003
47857
18253
8874
59939
12031
48516
83110
59765
37635
30610
51643
16373
64955
85385
134
7083
27029
41046
39759
79402
59749
46062
79456
24374
84422
98758
36973
94592
77743
57738
26791
89251
42036
93043
140
96196
20708
10125
40951
54068
77601
39542
4672
40121
15263
99143
71755
85851
27198
38956
66321
63586
39545
29032
77663
6262
40221
30876
95934
39801
26019
67628
50897
62147
86893
59906
42217
49721
18755
54635
2941
39476
47650
89585
69044
48029
61327
23302
35230
6690
91118
69173
26483
53162
4680
80056
73280
3648
36353
17529
92581
745
36323
10641
74566
8652
14866
53499
21021
36421
97056
82697
17726
1308
46529
35633
54888
6029
10556
46366
52632
17597
74075
80061
28927
89954
84842
16644
99230
51516
97845
27642
33208
57788
81113
78687
45376
54991
20898
39912
16820
45646
17685
29618
18107
61230
97649
54944
35133
33210
24634
69962
56746
29944
64628
81097
50458
17059
3733
69132
96345
86792
28053
15909
79718
52584
17875
31804
34133
62030
76797
91390
81248
90458
42903
34243
23162
19053
37158
30054
22085
12995
29872
60834
78180
67940
14551
73424
18240
57990
49991
70625
72777
47006
26893
86158
13245
62979
90599
58620
66331
42108
29278
17787
14010
33702
76582
92119
17059
86447
462
57507
32957
98226
21864
22258
2813
21940
96689
62921
81403
26258
61293
32837
55712
60736
65817
77689
7224
28108
51493
40424
34867
20300
21368
17111
36887
23829
22065
13116
14491
51897
2219
26018
35399
89344
22954
97952
19
98287
2489
35746
60789
90848
5322
992
31098
76737
21591
16096
36338
75649
54242
85145
93423
99190
47810
36038
56690
9568
97694
93884
97952
63216
62077
47511
43607
30819
2996
41329
85908
59421
98582
80074
40994
77394
45522
11950
84632
83735
63613
99768
68424
55109
65137
98800
82360
18090
31900
50657
22312
91016
31967
34591
71597
25951
60276
84781
92498
54248
72142
87473
47919
25181
93690
70283
41344
87451
61728
57006
41483
46129
4465
57905
95870
33096
54943
82918
37381
5942
76996
39650
55024
71606
36000
30999
97807
53007
84652
19774
42030
2684
77574
66713
48719
87949
8213
81358
73647
69926
38023
42265
42154
55921
27491
17424
14178
23475
84242
15311
90237
86681
30263
27223
79638
75898
6163
27923
16794
82732
49420
55831
19128
42462
81467
23596
60894
66760
10618
56202
6022
73754
30688
44442
48045
79402
69920
55961
82966
2987
70088
32253
53006
12788
48050
79016
94430
18748
27593
50703
30639
14092
50386
26784
85183
61716
74142
57894
25398
6210
89324
54120
89315
58789
18248
7386
69174
30734
76767
49580
42514
84756
9900
32619
6355
89654
25711
37202
28698
11125
66707
97128
31762
78106
78925
44094
32198
88016
36074
83236
44464
21933
92952
6967
47146
6737
19387
98483
61721
45149
46229
99310
70762
80978
9474
70452
41253
80536
45436
90252
52081
77415
86033
6331
13984
13278
36815
8686
78107
12356
5765
24729
93344
17255
90288
49132
59510
90590
60368
73569
3153
64853
39365
90780
62654
86338
27536
70448
79862
79016
44620
86864
15441
17236
69767
76591
34420
48478
42966
79594
25835
30653
32955
37098
79464
3714
55178
66390
89681
4261
16550
44263
31979
91388
38625
55108
20406
79182
63618
81354
24902
30303
1886
91377
8365
35725
93205
92919
98751
6816
39279
77321
73812
35263
71573
10787
32717
75713
14137
63712
70207
65354
24097
5108
46073
15993
26147
58719
59542
56225
50393
2748
23077
79209
97426
67766
39939
85022
38442
61782
3433
67948
98329
15932
32855
64995
65715
52768
67711
96401
5600
22293
30758
37372
6724
55891
85165
82785
34539
83356
88412
21792
37219
50079
24397
59920
92270
54671
89822
33748
51556
23794
12553
65573
14461
68077
13879
28739
12258
33766
48266
16382
98667
70033
94082
35928
97717
82371
28366
53012
65198
88198
64317
70081
34043
13245
64844
52289
65110
80
81462
78562
23785
93508
97150
48889
3480
31736
92917
58606
29973
95477
70856
31003
20003
10713
91597
40205
10264
75291
87571
74827
20688
67294
33956
33209
6710
58315
34301
28962
29554
54031
68148
43078
4638
87412
97546
85066
83446
16834
75235
33154
19759
42611
31595
13022
83196
3846
66157
1806
45054
19458
589
49675
43094
55138
40844
3252
96771
22088
92798
95720
33514
95731
84513
33620
79103
46740
17640
24344
57725
59340
91817
16969
32912
9217
27384
2660
93710
96678
38945
47496
58338
23110
35409
14209
3364
99899
36828
13880
19050
46545
27420
31579
98456
59174
52266
57331
88611
87495
86424
39920
33874
57710
86229
54063
92746
42881
86273
75876
12191
36978
42507
25057
41418
94047
71906
76694
5616
23123
94272
60210
16356
68612
19114
65890
55113
51154
56334
25006
4921
1435
65664
36960
13002
22850
61939
55785
33432
45791
3368
5022
46659
98252
27902
1758
18256
52013
23856
14464
47427
43544
37746
50751
32795
21472
78195
21901
56150
53631
62477
22461
71731
92486
12031
49730
91331
48826
32947
52942
60630
3437
7014
35921
7100
49901
30979
54452
96459
51756
95112
66827
52862
30578
77324
70055
24114
43086
65095
98502
19165
89289
79563
34606
57350
73373
10486
37359
22851
40230
20682
48367
1796
67038
51732
67238
93475
34396
19873
11479
866
56104
36947
92101
42219
49202
10740
54671
68074
82408
33672
19787
21494
86766
99184
87831
42310
32551
47071
94478
10980
95885
33040
16472
86778
90993
60284
5884
67095
57578
23992
25351
8911
81880
49684
46623
34439
13431
52970
67499
75728
16998
96869
42691
21705
42634
60728
13401
12011
35457
8122
69736
90969
13783
50143
95246
94769
96811
85969
30375
8535
62040
25753
62192
62234
40733
98666
60491
86754
7214
69900
26262
60466
77181
89344
66231
69349
47280
36986
66057
88976
27534
80012
21065
5800
69417
24184
41446
39457
37184
49189
25930
29266
43448
67003
3423
63237
25420
67041
43247
50878
15084
94650
84761
54717
92973
4251
36666
87632
50051
54195
23176
5824
53718
77051
1016
84834
30088
29496
31262
43378
48656
49366
23352
44897
37250
99407
69191
328
9201
59313
57249
23422
55233
24922
45384
73721
37412
84082
37279
65047
66220
34017
14005
58432
47663
10225
67991
35618
89909
22752
73433
60488
38301
72909
4732
40690
24933
17653
68553
6638
96796
99281
10491
61795
94358
11616
90964
31838
20380
81779
45903
31171
28786
7906
50776
60695
96566
54976
22656
83020
17681
69350
12505
74394
67137
76261
76485
91396
51958
32180
54192
37892
51825
21437
47662
62025
83003
84728
36610
54523
25851
40452
91630
28490
31430
77817
4237
32799
29443
69055
47469
30408
36616
51512
76029
16422
9175
67950
96413
73970
55802
54378
7819
69689
41500
27846
22033
69940
68071
3428
95803
48748
74548
77670
29697
49014
49859
98754
71203
6161
11645
56382
28855
34080
67882
90415
16567
74355
15284
83665
30638
40687
16250
76171
90024
82970
80173
2618
22120
26712
13890
55742
15812
9520
24315
20993
65471
99844
93667
39938
77127
32042
3929
25514
84557
34611
48672
9041
49937
2832
53169
14629
55761
95669
42459
31245
46135
48776
59551
63659
31725
49340
34289
68096
16182
84686
77432
10609
60042
47131
80238
91172
65214
42763
82175
1157
99005
46143
78283
98138
90667
75389
21299
53701
79649
2998
5993
95700
15037
52716
11918
77489
89389
83326
1867
72516
37248
74461
7232
29434
80421
67684
14544
44426
5638
9387
48541
86492
68618
61611
76491
82324
77456
75202
95344
67707
8055
83856
46123
19072
16803
93958
38560
74729
11908
35109
21055
12552
22259
76347
30310
81911
50198
98690
86574
88718
21383
52369
29734
92327
78216
35560
43055
27420
9605
56075
10501
7957
90039
82043
22302
50483
98526
82661
17216
5684
44167
69081
45953
68838
40869
77753
87620
94557
51228
37907
8852
96188
98157
97599
50420
44284
60517
83630
32472
68247
28952
98814
46099
29161
6073
15824
4644
5588
5973
57602
12516
16235
78454
87549
66047
2416
64171
4726
34303
71464
16257
56727
99724
19857
88525
55399
57414
78815
5174
25770
33995
41773
32426
30387
88916
45361
67152
98198
32767
30337
33934
49700
74907
5601
45731
42965
70636
26328
41312
70252
54170
32290
14066
76027
48695
12704
41039
15074
53201
77498
65554
26728
32834
81318
82702
8505
4519
31029
86289
10252
54459
76139
25472
61486
86765
14120
1622
58943
71554
7452
39390
51626
59136
69918
29238
90771
59716
93714
79223
49448
88220
54283
74139
92210
94644
29662
15484
52286
37989
31000
83144
76127
36842
15931
7374
31677
237
19486
94126
17617
40550
77298
15882
20099
83259
31476
15272
86309
2814
80137
87792
26179
3896
15422
49261
3681
71178
48597
52049
40084
92556
33614
20136
79263
31173
65516
14783
30019
42259
34910
60768
42504
12909
1270
35278
28028
61603
69861
40706
80487
75538
92124
65527
35518
62200
28792
89481
54591
85532
98787
54115
19443
52215
92974
65129
32535
37701
84437
64484
47359
4684
19689
26303
64259
3095
13928
62717
776
42789
10261
74424
75413
132
41617
76626
3236
90723
41764
70274
97339
4440
36654
28086
7969
91902
85623
46191
63381
88498
74348
87445
18777
84992
89098
35355
72915
86611
52038
61997
57225
94856
58061
82205
67856
18828
26928
98361
75540
5284
76321
18648
47220
24561
96518
57575
20938
21635
84059
55079
41258
84309
40976
2346
56612
5017
58113
84540
83756
63840
69441
94036
89200
88447
90367
86865
86046
97940
26077
40870
87964
16309
21507
49454
18138
73015
4670
79213
46192
94177
23624
44116
12364
67801
47596
38770
5986
43619
52057
57084
78360
9634
41742
24834
31459
5753
40156
45992
14542
81476
40988
98488
54332
14096
63802
17461
70833
42295
80616
47327
65836
56983
53683
19259
9707
82070
4216
63330
56974
54463
38139
53856
83970
25598
55203
77138
31294
28215
54638
35172
65925
10637
14257
83880
36993
87675
98640
9157
39314
25829
41998
67351
89812
63394
22134
6957
25443
38386
8920
99549
18730
80480
47433
40696
35406
27354
95312
53371
62463
6349
46244
45877
87222
13707
71897
18614
51077
48362
57183
18941
32702
74828
15937
10199
29758
92529
90868
76518
58991
3877
55253
30512
66805
55721
78287
47048
44130
2401
6490
67907
3785
84119
44623
53545
20476
48671
25096
23214
88574
713
40130
95000
96190
4295
41156
59287
33537
29020
4493
77102
17719
66785
6017
45567
13261
28960
39817
38330
28000
48786
89883
84921
50051
27769
82149
90337
34339
97358
48391
97800
207
36608
37066
54618
86520
6856
32516
82080
52896
22972
79131
77555
12223
77820
46456
68164
24562
33607
80982
58882
59844
3806
60196
64036
93776
46860
56197
75045
62607
29153
34178
19016
81550
38235
69963
18557
51113
1978
58886
46959
79450
97551
33581
2800
16246
92227
48030
57712
93457
46815
90562
49306
12360
46076
35140
88930
21700
19800
81296
16544
26566
83043
34198
53342
52988
59829
97805
22098
29131
62896
90142
73835
3128
79178
37285
9873
98782
30419
95654
74901
82479
42212
53253
9222
45197
17507
30722
31926
88603
50508
12417
26041
58789
39693
62612
42335
45990
82333
20453
32644
8500
53053
91471
35601
51245
23817
77354
76915
49672
14103
43365
39871
39075
14795
89089
14522
28288
99787
79103
3950
15614
25129
32595
93305
31616
49376
68603
81470
4426
37353
54076
89429
19835
66292
42991
60028
86576
77469
8148
88439
37676
62021
60975
77524
82961
21222
50353
90180
66594
88557
73446
43261
72332
96749
88520
1079
1470
56723
37118
83075
66146
92486
78344
56244
35711
65220
59916
92202
11912
64965
84584
40539
6786
14306
40181
75937
61571
1222
94556
55074
48615
26166
10030
69444
32141
65533
60501
4151
281
72415
26369
56215
76688
43112
19417
26148
28324
78670
51579
43650
78617
54957
10117
32093
63443
2041
65679
88763
44543
777
2570
20609
48243
19661
74803
70925
58574
25131
88562
19517
12677
91319
77961
87809
31612
81213
85399
29266
89128
19721
15783
94184
81374
47931
56387
88632
45529
78040
7474
23832
85451
67370
94744
77048
65598
88468
58620
60781
15775
97411
67307
52181
44942
24159
19654
57308
61101
73017
37359
58769
9425
84296
29688
52924
18698
36144
74490
29435
46478
8292
55816
22880
85756
93877
30585
39936
86988
16014
49049
81827
16821
68126
35567
41380
43653
2315
6759
47079
205
28146
66710
89958
42396
39451
57922
22165
51816
89218
26725
12829
94530
23605
77484
14808
36877
93892
64994
31176
23852
52624
65448
90073
6886
49720
17906
58861
17875
79512
30349
64961
60794
82
69419
53963
76602
34343
45392
41313
17095
31196
94967
70759
24736
61954
94455
39687
93012
74057
7144
40175
62579
60310
41027
80510
78247
54953
15138
13012
37347
72041
45158
12926
51558
72174
72005
38370
33995
29979
26030
71057
84322
80366
96322
2890
84649
45954
93872
49968
75407
61706
64817
79252
80527
87362
69163
33209
14347
4755
88484
81039
43040
99974
80053
85838
82753
95924
57839
51192
96395
83121
84124
12601
84241
14772
13218
38135
41207
45240
84695
24463
60260
59233
34890
96161
66859
93730
69598
20774
61063
80194
15457
40847
17460
64645
14432
22360
90281
3291
97238
94333
2599
36214
22346
92782
30530
14997
92649
85560
14920
70884
50138
15626
21539
91802
17963
80872
68774
13236
7
63502
72283
18551
99269
21220
8126
56202
63488
72927
20244
80085
21961
81159
19480
8073
99377
58487
63565
63932
68582
74934
47274
44276
96419
46792
37119
32597
65252
38391
15281
13621
62732
11457
5720
42031
70434
21719
1737
59030
55392
54449
48683
15234
1576
38604
93213
66346
86430
84681
97788
63477
74337
51431
47937
59606
10084
90200
7874
83280
53209
54417
47362
92255
1430
10030
70979
47817
92931
37872
40635
86291
12332
2181
57377
89573
13873
77233
3396
31187
4105
24524
63605
6270
29128
90935
71475
65158
66427
6407
69678
31251
28994
5489
14305
58785
14136
69554
20147
9935
46827
26625
98613
75268
3152
5226
33358
64272
20002
8832
12968
79215
2993
3076
65721
42429
20341
15410
73130
25364
60251
33802
44317
1777
21715
69293
68230
93693
97318
46019
151
72293
20675
10523
93433
36893
65228
83046
77180
39877
13896
91414
26963
5461
83050
27867
94601
51272
6749
87228
98196
46764
40441
77374
30939
62160
22161
88087
2613
16734
33681
57110
47843
94423
26746
86940
11544
29432
69739
19670
63639
82258
41792
89893
28016
99555
18955
291
50071
4857
24045
47783
8559
34895
82433
70846
85346
74890
97044
52530
10149
32935
71926
49356
40399
19920
85014
58868
59873
68226
74630
28081
52805
12718
71823
84425
85610
94877
58434
13468
58408
12394
49555
60946
8679
54958
77562
10023
72453
58585
11348
97035
28123
21869
66831
98535
35899
82841
27086
99073
7634
76034
58305
9865
16134
19409
668
64753
82049
90906
50188
65315
70400
86727
76680
66683
14253
92181
71797
47881
93397
75349
33025
32982
90794
33633
36511
55506
83021
79293
49890
23093
79487
2464
88637
32946
71722
56030
79580
49752
26420
82996
30667
73993
89134
55706
19463
62418
38709
96649
19769
32468
46169
10851
38529
27908
37215
26938
41836
33026
692
57856
47354
65123
41090
69008
28488
37699
25709
8013
84899
69236
50087
34258
17255
82854
6360
29494
55870
22763
87582
30592
15188
28471
80642
48932
76699
32962
81130
27031
32118
20048
65188
86932
99314
88820
11702
52136
88068
88633
54329
48579
20199
57788
77447
36516
9482
62949
61084
27438
20250
78496
52682
39102
40221
93935
40943
18856
85373
42137
28843
1095
84238
20301
49875
59110
66278
65275
84837
77278
35581
99867
83811
34126
83136
91790
63287
41053
16031
24414
25685
95313
80769
54770
15467
83404
21617
57260
28986
71028
78475
71137
2232
73400
51
61304
1061
77500
45956
63840
57913
86432
2103
59169
33699
6207
55311
88303
39970
97381
53271
98537
71444
95745
73267
1917
94721
46856
30970
21525
9543
7962
49809
78853
64335
26849
63864
15710
18910
99259
54003
96746
81834
2784
45239
39373
81349
18416
72606
28
30315
87478
18743
84718
32048
43104
66528
25627
38445
21322
75136
95503
85374
27675
46586
740
83249
55270
32413
2934
85261
26992
30533
83708
93934
35836
98018
31899
68605
89736
29005
99690
42624
55465
44165
87994
54425
68161
54415
5720
132
88163
70055
82415
5486
45630
63452
49139
83467
30693
968
80549
25926
42614
25119
28575
46505
99276
87717
80755
50868
54137
38952
28273
48855
40850
79935
44155
47651
99365
74830
83762
59148
16441
62022
60694
68513
82255
54498
85576
19235
79204
60526
34843
67447
15953
13295
11769
51140
17672
34431
40798
58116
75650
41825
56711
1630
18622
12957
30665
33706
86044
35705
12813
22235
71907
59015
54297
57905
18488
88636
80520
11246
2460
52282
21010
44495
52092
415
78618
88335
72027
50630
6587
186
75426
10690
18685
73567
70040
15198
11094
38593
30564
78730
10805
67701
45946
52017
72624
64735
78086
26703
96375
75194
90492
13857
3553
15800
54018
1257
2409
48665
4252
43298
63183
71918
15213
74215
99364
8763
63656
61098
84353
59753
60686
37536
75262
69667
35101
82801
50732
3490
94498
86154
80439
96421
49308
59591
13960
53912
55422
65851
17976
64107
52152
78912
90415
52863
59992
49090
74018
83429
23335
12225
88698
37956
81607
49708
86411
87570
86584
58708
7027
25903
36431
30126
87026
24407
36029
38627
60506
83976
93072
18911
40466
16034
41968
85078
26424
56670
10617
63391
35363
36918
52728
33398
19539
58051
21675
55816
34248
66260
74587
87623
5525
36024
31940
16433
84167
51000
67309
37906
60820
64108
42764
33
65393
22502
69521
491
12631
44395
93182
47497
22955
99319
44475
63653
20179
41151
15017
11501
94357
20537
32261
98597
40831
70851
95807
30091
61670
40871
92343
93848
21870
7667
81254
91308
95114
63406
87624
44017
18342
78030
9515
53946
1945
48904
52174
64502
29264
50513
57757
6235
57945
7690
10006
93099
1336
67068
26446
68826
34854
31554
23645
27791
3544
96534
18177
48009
66925
75663
36806
53038
75252
81564
22520
18595
22832
27307
73215
93039
82551
23096
25959
25076
83855
4513
24207
43020
62254
23423
7948
53395
23998
52116
4016
63055
70532
32911
40135
81541
58855
24107
53333
4212
85550
54407
52133
37009
12364
66379
64259
1462
58118
22006
44576
72033
41272
29172
73626
58401
76867
61656
84963
16690
5481
15911
93284
82281
54026
75854
58107
44892
70107
32408
55781
48691
16172
55959
2494
19793
33415
47650
99513
90638
95697
76334
87511
86054
40765
86191
8987
18608
43883
83604
24737
17500
44838
78367
46156
94792
58099
72442
12304
41605
36610
96930
53708
70724
71146
49959
5845
81213
52845
220
82196
62254
50245
63290
89085
42253
79227
85820
83580
29166
31879
86082
3891
46629
89851
48560
99551
77560
57070
32681
18408
83863
32633
36428
20313
72687
23703
68010
37982
46680
59023
87453
37717
60312
6514
69813
17916
12074
71571
14211
94514
26820
21377
27001
5879
61530
70650
59526
49054
17638
79403
53904
65016
13720
62418
94975
90612
9497
28628
71883
18031
22873
6194
78493
48621
31294
72763
41651
70344
38239
12730
76130
90983
10410
8578
81103
78261
64295
98529
23914
76311
35009
30484
22700
27653
501
68105
63421
64965
85457
31296
85533
91820
70024
96663
3128
77445
73
28878
13801
71872
51456
78908
94105
3157
61444
24316
63368
53713
29341
72266
98324
89616
2852
63220
40941
42910
11404
23812
37457
68538
28884
69830
95243
13766
52156
86984
83245
3226
82413
26159
41242
66642
64705
7310
67136
91720
92635
29835
95008
79830
53700
62557
57056
39318
32550
876
84300
73605
745
23179
99225
45955
76708
43124
77262
28259
57812
44629
41284
36320
41992
95303
95466
45570
27395
7525
97873
74986
66000
32722
6559
75466
69020
64955
91326
37729
50582
66802
70193
51726
19708
26680
79264
91548
83435
12313
2726
97613
76423
1960
88564
59884
68901
82962
85380
91977
23524
88228
34282
51492
31604
78550
62448
15097
92688
18066
23349
89759
46402
44066
12124
1312
20037
42282
35886
74735
78931
44176
47248
37117
62403
81552
86736
86498
66268
67243
99309
30702
88501
87292
96355
55070
1353
99012
51755
78444
53398
65782
54191
25412
92543
90620
91551
9308
76092
96775
84231
18098
63531
472
12668
91774
72106
26098
87282
81286
87987
44307
84821
24054
40325
40141
52553
80971
42567
14518
8713
21948
64203
52906
10748
22936
20952
96578
15023
1906
79726
44665
53282
73549
42419
47793
57788
74310
55918
48731
30127
61057
20255
63426
29200
94620
92621
31046
50003
67152
52817
59769
97535
19241
37353
37552
76368
11734
58645
77135
19642
61620
55968
33450
13795
25869
38450
32615
23863
33743
99498
53640
41742
73906
50091
56565
44721
67280
17998
52028
42699
10702
49335
74606
88851
48469
82015
20742
50097
18741
80328
22109
89953
87416
19440
35345
3104
57749
35510
14123
88800
36754
33685
67225
36260
50163
71536
65427
71413
72652
61651
67812
81154
93023
832
5355
45903
735
97020
92469
76094
63535
41126
34199
85638
43139
67513
19604
98717
34994
96137
87848
88744
30516
83929
21505
63563
62917
5606
19931
33503
39024
91794
49649
42028
95528
32993
37566
21055
3588
72347
37577
2095
16578
82853
15160
50174
58857
48196
63692
71976
80996
36131
67009
66994
44175
82765
96739
22634
94483
65171
49167
87051
61763
91050
80846
85275
78945
8097
7592
83856
85856
27528
3065
50556
44711
94512
10214
85056
4228
72365
27121
7142
77243
58829
8232
1655
77581
97516
94447
11143
56296
93376
42547
79294
52691
24969
61286
89071
36607
26822
3790
10067
36750
99423
47685
84802
62523
71931
7404
20258
72723
64967
87625
65387
15444
33725
75709
10645
58578
26829
70447
12368
77621
23370
1539
85259
42089
50658
67874
65579
74644
13853
63452
38209
82366
75612
43808
30203
31252
23543
49447
25885
12192
39067
83613
40909
18173
5487
18586
91973
16977
73233
51166
35484
30447
50294
89125
4811
13873
70847
17014
20420
38987
73340
37799
68690
27011
8560
9375
87451
69955
91909
13584
40336
36210
80951
77352
84859
29962
95876
45392
12740
55223
77336
74343
53601
45466
35958
53078
84199
88655
47647
19565
79874
43784
93204
20564
68026
53978
25870
28873
82568
27614
46086
53374
12588
84866
89765
6495
74667
21289
16106
50858
6699
45136
9084
24640
22664
80173
78886
65796
19254
15425
25187
40999
52927
42072
49849
14923
4338
37650
98814
56622
40429
85956
79567
91674
67945
11077
12130
62997
70725
66614
59899
15595
14636
66428
70779
62834
46932
52961
291
28508
53667
83507
71296
50942
52620
39941
41189
36206
70551
62073
14877
42267
81069
74858
72265
73312
42200
90303
90069
7485
70068
86524
84964
31394
26765
30456
34395
99959
16129
37518
64902
9570
45633
85891
16393
15326
99020
58751
88866
45832
89211
25234
14350
11334
73475
54190
83656
86288
51132
25530
39905
41084
23478
87952
74442
52377
85966
6084
49973
61891
97175
27501
61720
50914
44019
81054
82221
73110
40372
98613
39845
17898
6700
36371
42822
17690
43485
33404
9456
7368
38638
30558
8513
70373
88682
22760
83646
46618
76915
24765
44894
31213
42040
96553
31745
18201
68453
99284
46359
92514
59108
67199
4565
25463
55388
14438
72209
85998
51290
35205
62062
89047
57375
32914
21315
47257
15137
10988
97165
15926
21339
94901
52447
64361
10293
83764
3102
2845
62379
64368
64322
31517
74764
74372
3427
29157
33818
84021
47355
14310
60537
87442
88596
78793
42694
12034
22411
47770
92372
3326
73285
30230
39114
49303
42982
93140
14079
13997
29747
86902
44387
78728
62755
99435
45388
93069
81416
98687
41613
75202
30641
89320
84721
56448
37645
55998
62303
70238
28102
9348
53117
68322
64132
80215
40379
53086
53854
62194
27148
47506
89610
45872
90601
35345
72848
70289
78258
82696
10572
59642
79666
71456
57912
49283
3963
11206
96718
60080
3980
34137
57405
24863
58364
51113
17115
35186
96060
15664
49866
34521
27120
29302
92354
63002
96805
77601
40845
12813
51166
67415
35088
48477
79244
77135
22039
77020
91905
12360
63600
15764
15603
34155
44613
41027
65094
84143
81983
70891
22313
23384
3057
82018
85195
89138
35047
61528
93392
20486
23716
77809
33110
62327
14684
37703
18526
71775
62361
75780
61111
34624
45326
99765
53623
87043
40272
525
60613
26349
96167
41276
74159
93008
56683
71134
73335
74517
86260
57480
89136
40436
44132
85132
26203
92233
237
92433
80820
56674
64646
17769
7013
53692
27021
53491
93196
89928
96568
49219
31977
4361
62951
11329
19349
42046
27355
50724
90413
62017
41070
84509
59860
78685
59768
25376
57204
34299
57069
94481
48171
72106
9517
3219
76282
78863
20357
29969
82328
92764
73702
28543
6393
84759
23021
94011
29242
42858
68562
95280
48039
73398
9070
32288
59503
32323
77214
50130
2094
79574
12115
8940
94434
32891
14674
87372
4513
4549
19152
4602
2137
56212
77608
48173
62867
16969
29568
69669
11501
57415
1762
40562
82749
25665
47896
70630
6641
46968
2751
93713
32702
63641
60284
73108
22653
78075
77848
87244
19711
23934
10220
89248
88765
15330
33229
32789
5680
60715
45763
1963
98480
72460
16734
24564
37001
41612
11342
9972
22246
68623
68865
51611
12274
164
13047
31520
70055
90354
63070
56146
46038
75149
91515
87536
96411
55226
47357
20768
79871
51898
64652
29701
4151
11842
51840
74908
26058
34183
13128
48678
54990
18298
84557
69660
70551
3380
92538
40116
17850
16523
34916
49056
39438
10802
43278
48030
17696
58207
59301
25183
11007
61883
56156
40223
5474
52117
41682
59452
84322
24814
17476
83379
92013
85645
98893
29735
46189
69282
80071
34853
69637
38287
4578
58064
98638
82735
14817
43870
42345
19202
48365
13230
37306
13939
7662
94913
94123
62832
32733
90322
46020
91957
4497
8475
39964
88919
68986
36210
60965
27305
82444
31395
72590
56897
98696
51758
87066
4219
90389
12174
74246
50469
17305
43325
99872
71354
59161
42381
18945
87407
39409
66497
70706
31240
48456
32919
10225
86161
30807
35657
32530
42927
48665
82587
54772
72041
11714
18911
61649
40207
39797
33532
17612
44045
22463
76315
39462
11841
53187
25450
47505
46065
839
806
60816
46303
45959
68002
28406
47521
49355
57964
15931
8609
15536
37116
6696
93482
10943
28879
90256
31842
16189
96206
43995
54941
79452
60503
3956
59733
88140
66621
85479
79588
17155
57777
54697
36971
39493
10168
48458
28223
22126
52653
39291
54173
99197
58963
23785
17117
59401
68539
96744
27583
74583
66568
18072
60345
22898
97640
24222
26311
36843
59060
7247
61559
33055
14551
92070
52265
45324
14983
47286
15907
83841
55007
69881
25718
57398
87509
96349
62089
77180
25125
18052
29743
31418
36736
87668
62850
47276
71688
24317
39495
78123
63459
75447
62683
89806
93840
75554
50765
56870
39387
58068
57824
36932
53662
2921
24161
18387
90181
74297
67383
85147
87943
82338
61145
19291
28611
22500
5480
34152
55818
46361
70210
43553
7492
62040
86097
90251
97850
21675
47486
22141
45787
43709
2799
3008
56370
34620
61738
97399
94434
52882
57914
16647
78725
45916
12227
79700
59788
61709
35687
15634
3495
11997
46994
96943
99493
52598
85778
31196
33955
2872
359
94586
96978
97601
2825
56957
28279
4831
34345
30085
59096
2326
12079
16376
66554
79940
27134
36505
23483
21362
72164
94274
65426
23328
98238
75551
1729
18743
29970
97263
4651
44244
97031
96514
50819
66549
56643
84804
33656
69977
96939
54701
51314
77888
60147
6347
57904
295
2926
3433
28586
61259
9902
53311
16654
58209
22092
38445
32116
10702
32991
26658
20980
10615
78814
18796
52493
93408
97719
95064
87364
37964
29498
69823
85169
55440
23081
50189
91906
31054
44676
20855
77571
70535
4377
17476
83550
19011
68347
37696
74090
61486
67208
90375
51137
64240
92229
1708
94872
79707
75635
26853
98749
13854
26268
18289
2733
61159
66096
25573
65608
1393
29922
33099
41639
64584
51306
82962
96817
32941
16360
69151
33296
28327
53475
46450
37709
8025
17477
40642
37144
93484
29013
47185
43073
59302
7991
77507
74994
55966
51458
34882
89435
67550
30755
89446
94017
88042
10170
85002
98948
87550
53414
893
16201
70501
18950
40989
26850
33413
54140
79662
37787
72499
121
98517
44386
99950
25738
66325
40154
46796
18426
60180
29950
93808
61870
87043
91806
11102
73616
85327
98930
87726
9742
79292
33509
46605
88433
34321
20326
38830
64163
31426
8577
54118
1748
67115
84688
78785
53463
60125
18812
63571
85808
22965
83352
25704
36152
61224
55314
82910
5434
14352
9246
21567
60092
43194
62608
61381
73348
9714
49577
52144
54149
11955
27756
63457
38524
97162
45521
10638
16258
29146
64178
51749
21044
39745
78408
29089
12040
33589
80345
18587
93527
65756
11511
52539
95135
10239
15877
52642
93490
96470
99477
1321
35306
22795
56267
18823
71025
10079
72531
83300
64944
8880
61981
72222
40478
73262
77196
56640
19555
73872
8938
38715
69179
57272
53478
50821
15072
49715
38972
70208
77133
95120
15096
66865
1239
91613
36836
17262
68154
91971
52633
35026
78387
84968
80049
420
85433
26260
47894
51354
14914
3999
40544
46461
58933
25890
35745
97497
20169
38315
53078
42825
26506
91096
64930
27999
57309
61760
46348
23972
69345
83310
10911
39691
32167
49155
41887
9665
74969
58884
70314
